,pi_i
1102,0.00197697511508
1103,0.00204131046028
1104,0.00674000069191
1106,0.0021034344357
1108,0.00421267886924
1109,0.000700470244029
1110,0.00206947948332
1111,0.00240102147179
1112,0.00521309432171
1113,0.00321147102672
1114,0.00386678415275
1116,0.0063387538405
1117,0.00269166085368
1119,0.00325192419757
1120,0.00549577195937
1121,0.00148575874061
1122,0.0018493612895
1123,0.0038560956134
1124,0.00262180131005
1126,0.00128346662659
1129,0.00285208912395
1130,0.00584687550246
1131,0.00338947847113
1132,0.00266927539389
1133,0.0044740354412
1134,0.00189211169375
1135,0.00235096343714
1137,0.00265003579926
1139,0.00299987132726
1140,0.00339456749571
1141,0.00240974025804
1143,0.00303660269859
1144,0.00147800559038
1145,0.00386627260421
1147,0.00154783324073
1149,0.00202594656867
1150,0.00190513633061
1151,0.00325619499398
1152,0.00367901389512
1153,0.00392303846553
1154,0.0026497998937
1155,0.00456450433649
1156,0.00365928796377
1159,0.00116190928808
1160,0.00265464292559
1161,0.00312463107492
1162,0.00231347052548
1163,0.00421722406008
1165,0.00274979341352
1166,0.00357321726431
1168,0.00326714959169
1171,0.00136532375145
1172,0.00287764275467
1173,0.00501425491165
1174,0.00189798722619
1175,0.0017497226292
1177,0.00585768337996
1178,0.00396875262585
1179,0.00265487019784
1180,0.00225213111377
1181,0.00773351565331
1182,0.00232641683479
1183,0.00335500671879
1184,0.00293525576859
1185,0.00395970127566
1186,0.00179050672206
1187,0.00197508973864
1190,0.00196957244671
1191,0.00291846188949
1192,0.00322395004073
1193,0.00262965396002
1196,0.00537133692109
1197,0.00178162384496
1199,0.0048032362078
1200,0.00451803861066
1201,0.00380023149102
1202,0.00198967358877
1203,0.00348382348713
1204,0.00337974483158
1206,0.00421187463814
1207,0.00931601800817
1208,0.00681180094275
1209,0.00132814997802
1210,0.00770705945248
1211,0.00278921243498
1212,0.00134413743887
1215,0.00216298929929
1216,0.00192255298613
1217,0.00192728956693
1218,0.00255149194512
1220,0.00246327550399
1221,0.00234852025103
1222,0.00397401253796
1223,0.0032954751925
1224,0.00265471317198
1225,0.00221772243122
1226,0.00280944338429
1227,0.00229042960816
1228,0.00901563778315
1229,0.00475042322814
1231,0.00625695337804
1232,0.0036061736979
1233,0.00448045684958
1234,0.00760489129458
1235,0.00507880250407
1238,0.00209599246775
1239,0.00384408225715
1241,0.00302530743241
1242,0.00612818488542
1243,0.00362323902246
1245,0.00416070556124
1246,0.00548308108384
1247,0.00328268194091
1248,0.00244803638187
1249,0.00553011889722
1250,0.00210841624343
1253,0.00164717725847
1254,0.00250120506291
1256,0.00594225500014
1257,0.00486384615267
1258,0.00222146005367
1259,0.00257505082942
1260,0.00614951682485
1261,0.0058669693433
1263,0.00191615380464
1264,0.00269406284355
1265,0.00318231872423
1266,0.00447660458575
1267,0.00396996982884
1268,0.00727931631021
1269,0.00291756600128
1270,0.00344035720668
1271,0.00097875861599
1272,0.00781771196522
1273,0.00403873962637
1275,0.00486370981666
1276,0.00811212219148
1277,0.00656000813287
1278,0.00414195539611
1279,0.00269758595303
1280,0.00459360767802
1281,0.00474850688278
1283,0.00309100486337
1284,0.00198885291088
1285,0.00346981554295
1286,0.00268000584991
1287,0.00167635161801
1288,0.000952413902155
1290,0.0028650521815
1292,0.00301304379196
1293,0.00347070817539
1296,0.00278043360217
1298,0.00530077811582
1299,0.0025824157485
1301,0.00662332191374
1304,0.00420503318802
1305,0.004084702636
1306,0.00189199442046
1307,0.00341773671094
1308,0.00212624112512
1309,0.00278025038088
1310,0.00265858523836
1311,0.00273679736027
1314,0.00798124751746
1317,0.00171830848751
1318,0.0041135863238
1319,0.00288686373166
1320,0.00185870943861
1321,0.00299885761444
1322,0.00148329472662
1323,0.00510135532285
1325,0.00467616511334
1326,0.00605473413398
1327,0.00182498174325
1328,0.00850161121099
1329,0.00379242079948
1330,0.00494823131294
1331,0.00412623059579
1332,0.00398945425523
1333,0.00503211253904
1334,0.00174486803803
1335,0.00263106083794
1336,0.00203450629204
1337,0.00411236220816
1338,0.00448090299507
1339,0.00233308894985
1341,0.00176609119476
1343,0.00222897644327
1344,0.00330976668014
1345,0.00531110203391
1347,0.00241228736092
1348,0.00217258188957
1349,0.00272013036851
1350,0.00476272244022
1351,0.00201125136854
1352,0.00224539914737
1353,0.00364608516044
1354,0.00193522590967
1356,0.00369438039336
1359,0.00298688286443
1360,0.00230284925581
1361,0.00449685232154
1363,0.0034645360115
1364,0.00252612891645
1365,0.00400808366476
1368,0.00320620055733
1371,0.00324862294503
1373,0.00315011305167
1374,0.0062359578964
1375,0.00418506770642
1376,0.00340208732051
1378,0.00419008818963
1379,0.00332723639235
1380,0.0043866128171
1382,0.00329496276526
1383,0.00144505233415
1384,0.002182290318
1385,0.0084467248769
1386,0.0045332290725
1387,0.00307410566575
1388,0.00297208275589
1389,0.00332482762709
1390,0.00262318099346
1391,0.00208461961458
1393,0.00617058137091
1395,0.00383452216336
1396,0.0058009152721
1397,0.00545814837302
1398,0.0020585070089
1399,0.00321859126425
1400,0.00347762121364
1401,0.00450213342055
1402,0.00155649194175
1403,0.00558799923872
1405,0.00374153650181
1406,0.00166791955502
1408,0.00441629317759
1409,0.00573584397651
1410,0.00223853563835
1411,0.00319200381081
1412,0.00525134675836
1414,0.0027420097275
1416,0.0018798827842
1417,0.00454196355606
1418,0.00424222455412
1419,0.00383526037404
1423,0.00227772546878
1424,0.0053437219588
1425,0.00475351567971
1426,0.00194720705876
1427,0.00289423032927
1428,0.00318260146385
1429,0.00317320663806
1431,0.00437371343785
1432,0.00244659464075
1433,0.00740418785743
1434,0.00147745056672
1435,0.00369286046587
1436,0.00142165177719
1437,0.00651844940242
1438,0.00489410592476
1439,0.00656535754508
1440,0.0024739362577
1441,0.00239495891308
1442,0.0022434218692
1443,0.00402261961417
1444,0.00283361051288
1446,0.00265893766899
1447,0.00177851078881
1448,0.00522885949045
1449,0.00649443489209
1450,0.0031675483766
1451,0.00422870637718
1452,0.00396169470036
1453,0.00185306507313
1455,0.00506253446258
1456,0.00307519945839
1458,0.00350754791782
1461,0.00265591563784
1462,0.00416301321389
1463,0.0017038722137
1464,0.00341667910892
