,pi_i
1102,0.00189117234149
1103,0.0034554088925
1104,0.00751103969784
1106,0.00176229512712
1108,0.00252754723736
1109,0.00123056856334
1110,0.00231669029412
1111,0.00219511955934
1112,0.00533321340338
1113,0.00297604119699
1114,0.00396819052913
1116,0.00330521592034
1117,0.00337231675004
1119,0.0018339940176
1120,0.00633697710425
1121,0.00153890912293
1122,0.00248485805171
1123,0.00380099158824
1124,0.00210068880464
1126,0.00146106780587
1129,0.00215434719643
1130,0.00421332294016
1131,0.00390559112536
1132,0.00203704217128
1133,0.00615573141324
1134,0.00149164686827
1135,0.00190323072387
1137,0.00182055078899
1139,0.00217417205469
1140,0.00377306540389
1141,0.00250146318566
1143,0.00398526565534
1144,0.00133855573033
1145,0.00326601804827
1147,0.00229113293728
1149,0.00223138281685
1150,0.00251084010669
1151,0.00301794195775
1152,0.00326787321572
1153,0.00393099454896
1154,0.00176883772267
1155,0.00609346149674
1156,0.00686906939043
1159,0.00124396274851
1160,0.00262975600004
1161,0.00255006421124
1162,0.00241524136949
1163,0.00359329982368
1164,0.00142264935227
1165,0.00248992229403
1166,0.00268585651345
1168,0.00386855542298
1171,0.00153234731964
1172,0.00335744803199
1173,0.00443449315074
1174,0.00161560555476
1175,0.00151868290162
1177,0.00479513827298
1178,0.00312161202763
1179,0.00350921582734
1180,0.00236155997339
1181,0.0118826307341
1182,0.00349755165244
1183,0.00364921954814
1184,0.00231835090579
1185,0.00231642463014
1186,0.00271639004882
1187,0.00225319832266
1190,0.00243413055071
1191,0.00240945322907
1192,0.00257626545411
1193,0.00302714956347
1196,0.00543560336537
1197,0.00182345553653
1199,0.00333261169455
1200,0.00302262718115
1201,0.0032882717872
1202,0.00187518900907
1203,0.00273988115768
1204,0.00227394831551
1206,0.00390233204979
1207,0.00761856671636
1208,0.00655119992543
1209,0.00144655977858
1210,0.0104053030777
1211,0.0022041741731
1212,0.00121891737167
1215,0.00223289025621
1216,0.00282530747854
1217,0.00104006036865
1218,0.00172907384354
1220,0.00230103090773
1221,0.0021212567929
1222,0.00320266831306
1223,0.001858585776
1224,0.00243540740417
1225,0.00209031492597
1226,0.00232504121242
1227,0.0025914236968
1228,0.00837372503478
1229,0.00359737600642
1231,0.00739099926629
1232,0.00309123911612
1233,0.00269861345368
1234,0.0066023079077
1235,0.00613793995397
1238,0.00244809570255
1239,0.00552561498313
1241,0.00265059779337
1242,0.0113800645722
1243,0.0044122989687
1245,0.00276042346369
1246,0.00977588491556
1247,0.0031238140833
1248,0.0020769971377
1249,0.00390965611889
1250,0.00212546921046
1253,0.002564684754
1254,0.00134872763376
1256,0.00404581212299
1257,0.00953429413662
1258,0.00273021979356
1259,0.00228182722955
1260,0.00391586724067
1261,0.0067217068486
1263,0.00190536549064
1264,0.000769017008059
1265,0.00274695486014
1266,0.00491233127451
1267,0.00319655280014
1268,0.00729190807251
1269,0.00220651476007
1270,0.00393172606747
1271,0.00124320975047
1272,0.00878112630623
1273,0.00229607985447
1274,0.00228942281911
1275,0.0050429227696
1276,0.00944453593313
1277,0.00800841856724
1278,0.00403496649662
1279,0.00382108516381
1280,0.00392269659399
1281,0.00598094472878
1283,0.00353866327708
1284,0.00158188799914
1285,0.00385282861515
1286,0.00316043465362
1287,0.00176262214188
1288,0.00138734806411
1290,0.00282585352962
1292,0.00450810953196
1293,0.00261123768051
1296,0.00261078704137
1298,0.00672941592496
1299,0.00266114038842
1301,0.00684870915603
1304,0.00496720553453
1305,0.00238864788824
1306,0.00211641223456
1307,0.00380920347519
1308,0.00369291126629
1309,0.00397801109129
1310,0.00255054955466
1311,0.00137818418933
1314,0.0112933325864
1317,0.0025503837238
1318,0.00463698265064
1319,0.0032329797173
1320,0.0021405294177
1321,0.00216308864758
1322,0.00255002639413
1323,0.00741702408095
1325,0.00383134743312
1326,0.00572078683838
1328,0.00770759689633
1329,0.00375168015226
1330,0.00516948641791
1331,0.00282773023451
1332,0.00404543144622
1333,0.00353743955071
1334,0.00339993580043
1335,0.00251226317144
1336,0.00255407634146
1337,0.0046004029647
1338,0.00521938239608
1339,0.00212208202152
1341,0.00146337421861
1343,0.00202192175754
1344,0.00414505660912
1345,0.0070132287424
1347,0.00184298658971
1348,0.00238573588026
1349,0.00212212197126
1350,0.00553873994953
1351,0.00145698914919
1352,0.0016051662778
1353,0.00227661426483
1354,0.00156566251867
1356,0.0022795330136
1359,0.00201027878963
1360,0.00367934560248
1361,0.00308313932339
1362,0.00146606927824
1363,0.00337450666403
1364,0.00289050599026
1365,0.00205520052509
1368,0.00240223205085
1371,0.00358040894727
1373,0.0029664301017
1374,0.00376095019462
1375,0.00386928587216
1376,0.00390943218154
1378,0.00374660660309
1379,0.00373001002042
1380,0.0038757164997
1382,0.00291728711135
1383,0.00128439256923
1384,0.00143897978415
1385,0.00906566680728
1386,0.00562062989636
1387,0.00353111726565
1388,0.00140792228813
1389,0.00281738133989
1390,0.00339024533931
1391,0.0021152149816
1393,0.0090504093155
1395,0.00477455023091
1396,0.00595462778553
1397,0.0045154055086
1398,0.00203957193096
1399,0.00269023765786
1400,0.00429662622477
1401,0.00452090715984
1402,0.00121385649691
1403,0.00369276871
1405,0.0024665831973
1406,0.00197125810134
1409,0.00535991539938
1410,0.00336415642045
1411,0.00144386930936
1412,0.00713993077885
1414,0.00394197031208
1416,0.00142221481048
1417,0.00398509891696
1418,0.00350970158234
1419,0.00450976328085
1423,0.00314416620454
1424,0.00797504494104
1425,0.003529674809
1426,0.00215958542437
1427,0.0015191083634
1428,0.00356450986359
1429,0.00314085582215
1431,0.00530145487725
1432,0.00149512343083
1433,0.00440021988338
1434,0.00166193558817
1435,0.00390556385418
1436,0.00179290698903
1437,0.00600864777329
1438,0.00709339947645
1439,0.00610586407875
1440,0.00198807573059
1441,0.00217855941397
1442,0.00231432305934
1443,0.00545888708106
1444,0.00254598877424
1446,0.00245886698286
1447,0.00190910761884
1448,0.00343538466566
1449,0.00505084371515
1450,0.00397365347831
1451,0.00309215266911
1452,0.00591160443359
1453,0.00175118866018
1455,0.00336457609553
1456,0.00252208106247
1458,0.00335334901474
1461,0.00358299543523
1462,0.00498850330835
1463,0.00187151645901
1464,0.00266486091739
