,pi_i
1102,0.00208779193306
1103,0.00363900067648
1104,0.00860770222352
1106,0.00193373874358
1108,0.00146666652653
1109,0.00123546611214
1110,0.00232318839438
1111,0.00164540440463
1112,0.00608459814371
1113,0.00374033453975
1114,0.00319092619082
1116,0.00557712385074
1117,0.00458142568471
1118,0.00139237674437
1119,0.00274835318794
1120,0.006448954934
1121,0.00137520224882
1122,0.00379769951153
1123,0.00232117718397
1124,0.00415678702396
1126,0.00163524602291
1129,0.00425104103549
1130,0.00318320161886
1131,0.00379398080844
1132,0.00264068899592
1133,0.00466065241054
1134,0.00159598280837
1135,0.00174937126937
1137,0.00258296765966
1139,0.00245271522998
1140,0.00551235743291
1141,0.00473183806612
1143,0.00490804106585
1144,0.00235658264586
1145,0.00264574036141
1147,0.00157294005629
1148,0.0017532182406
1149,0.00353474781201
1150,0.00359767164128
1151,0.00319347339479
1152,0.00250362784153
1153,0.00271154357697
1154,0.00235014453319
1155,0.0064687815143
1156,0.00502564586571
1157,0.00209581656262
1159,0.00117380729528
1160,0.00329785872952
1161,0.0026799484872
1162,0.0019289880164
1163,0.00254462344137
1164,0.00149854209583
1165,0.00272196335016
1166,0.00275908473839
1168,0.00461933366439
1171,0.00199296140863
1172,0.00312915039704
1173,0.00286493246939
1174,0.00155482792968
1175,0.000922343042184
1177,0.00721352698375
1178,0.00179228454179
1179,0.00394743626132
1180,0.00226132740529
1181,0.00706285840071
1182,0.00280285078991
1183,0.00174205124104
1184,0.00370819386032
1185,0.00304124439248
1186,0.00129651374296
1187,0.00280553783268
1190,0.00139953871369
1191,0.00290436991749
1192,0.00282015380153
1193,0.00287737614257
1196,0.0086210410919
1197,0.00228927301524
1199,0.00423362393809
1200,0.00326344138263
1201,0.00247552664003
1202,0.00269071834802
1203,0.00295408423364
1204,0.00291869584229
1206,0.00327557828915
1207,0.00604382484616
1208,0.00519961092651
1209,0.00192717258142
1210,0.00551361473387
1211,0.00316099308946
1212,0.00211005232434
1215,0.00223450115383
1216,0.00249432841696
1217,0.00194344294538
1218,0.00219056809294
1220,0.00167380707057
1221,0.00186573335768
1222,0.00517013020031
1223,0.00299744602479
1224,0.00333522874875
1225,0.00258655203299
1226,0.00315248839128
1227,0.0024791947137
1228,0.00834349801897
1229,0.00444068129436
1231,0.00787114446209
1232,0.00228398160275
1233,0.00294298494003
1234,0.00863150963871
1235,0.00394800931915
1238,0.00251322560185
1239,0.00447710913485
1241,0.00345476338472
1242,0.00679157198062
1243,0.00500926803634
1245,0.00375671854777
1246,0.00530264269818
1247,0.00427565811195
1248,0.0029791313753
1249,0.00315111379645
1250,0.00220132872278
1253,0.00338659271789
1254,0.00152741473844
1256,0.00480748501777
1257,0.00500098286771
1258,0.0021852970512
1259,0.0019939524272
1260,0.0037212499627
1261,0.00555953283022
1263,0.0016379736006
1264,0.00136395756894
1265,0.0028543693135
1266,0.00435661995997
1267,0.00443086199442
1268,0.00321842620921
1269,0.0025433652401
1270,0.00338934005015
1271,0.000890497305208
1272,0.00718719868943
1273,0.00209721033714
1274,0.00237417986331
1275,0.00246760795606
1276,0.00598511635537
1277,0.0042257242352
1278,0.00288738069701
1279,0.00471357236127
1280,0.00243922080838
1281,0.00606423848196
1283,0.00521349351756
1284,0.00133731832235
1285,0.00284565619293
1286,0.00352526852611
1287,0.00270732270139
1288,0.00153207040031
1290,0.00219224310819
1292,0.00383822969888
1293,0.00226437331424
1296,0.00191915017305
1298,0.00602119776363
1299,0.00356140808345
1301,0.00623546118646
1304,0.00295540337244
1305,0.00319748903571
1306,0.00154863954744
1307,0.00414163379564
1308,0.00364270959917
1309,0.00558299081647
1310,0.00397137098764
1311,0.00178816245287
1314,0.0115320231048
1317,0.00297693515696
1318,0.00435159493628
1319,0.00237013651926
1320,0.002262615425
1321,0.00202098956456
1322,0.00219772067682
1323,0.0055074005956
1325,0.00259169232128
1326,0.00628956902878
1328,0.00740260975615
1329,0.00300180928617
1330,0.00280321107642
1331,0.00263174838015
1332,0.00412115250803
1333,0.00483359619529
1334,0.00249601456828
1335,0.00272784722479
1336,0.00341615102929
1337,0.00341495489244
1338,0.00673473648684
1339,0.00251836332224
1341,0.00127472357062
1343,0.00228761338361
1344,0.00572253823724
1345,0.00749775001951
1347,0.00196995866621
1348,0.00382537295783
1349,0.00202490125169
1350,0.00335066139316
1351,0.00181721348636
1352,0.00181182762139
1353,0.00261499957139
1354,0.00201326250741
1356,0.00283107550576
1358,0.00226481461389
1359,0.00131224737366
1360,0.00482257466886
1361,0.00210976522983
1362,0.00250823996095
1363,0.00438317782685
1364,0.00439752005019
1365,0.00358688510339
1368,0.00162599685809
1371,0.00396268582358
1372,0.00292829182812
1373,0.00283141219162
1374,0.00430669619547
1375,0.00304863012044
1376,0.00378272010827
1378,0.00289841792921
1379,0.00388071286827
1380,0.00302164893956
1382,0.00215045874375
1383,0.00139310545391
1384,0.00180078216642
1385,0.00498713373342
1386,0.00424542731827
1387,0.00475648032875
1388,0.00276754109885
1389,0.00353134091451
1390,0.00361125422701
1391,0.00359608919319
1393,0.00703395138528
1395,0.00628799549152
1396,0.00813551347212
1397,0.00594380365374
1398,0.00296135721607
1399,0.00111484830978
1400,0.0034588507125
1401,0.0045638693687
1402,0.00189430473392
1403,0.00429200568574
1405,0.00223468554517
1406,0.00206336075729
1409,0.00515311668884
1410,0.00293054254212
1411,0.00179927473741
1412,0.00393007321176
1414,0.00372885442074
1416,0.0014846827228
1417,0.00581768895346
1418,0.00222613577669
1419,0.00296614974575
1420,0.00194836518827
1421,0.00234902077821
1423,0.00446389434718
1424,0.011727847524
1425,0.00337463652024
1426,0.00174197787977
1427,0.00229845272582
1428,0.00386146981486
1429,0.00371752299356
1431,0.00503294206433
1432,0.00144110680867
1433,0.00382926838104
1434,0.0018168951616
1435,0.00541311089189
1436,0.00157905552815
1437,0.00456056031071
1438,0.00646854624822
1439,0.00284607111947
1440,0.00171716832729
1441,0.00175587477769
1442,0.0021195430373
1443,0.00694756858118
1444,0.00262666240004
1447,0.00208564433339
1448,0.00431558393341
1449,0.00525060308701
1450,0.00298809071704
1451,0.00230831112111
1452,0.00589515993169
1453,0.00290411733952
1455,0.00479211242984
1456,0.00187945434278
1457,0.00220350016321
1458,0.00384713708462
1461,0.00476977694074
1462,0.00312323583368
1463,0.00236804013382
1464,0.0021222448137
