,pi_i
1102,0.00188872391321
1103,0.00334792800994
1104,0.0039623210683
1106,0.00169929922108
1108,0.00191937309366
1109,0.00133743559622
1110,0.00236563646962
1111,0.00210215203603
1112,0.0118435636129
1113,0.00317900508498
1114,0.00473528880109
1116,0.00558777298024
1117,0.00381990126281
1119,0.001741525207
1120,0.0056679064705
1121,0.00160651195867
1122,0.00351549631424
1123,0.00185505655769
1124,0.00506070982532
1126,0.00154176712378
1129,0.00536020413916
1130,0.00437293934084
1131,0.00384333257322
1132,0.00241337859816
1133,0.00633264098187
1134,0.00112147711866
1135,0.0014175785488
1137,0.00244703468676
1139,0.00275189960451
1140,0.00624620754455
1141,0.00366903665754
1143,0.00267975216445
1144,0.00149072921825
1145,0.00189353302828
1147,0.00217422426295
1148,0.00153231378447
1149,0.00191265029415
1150,0.00387215390386
1151,0.00307493075576
1152,0.00228654202474
1153,0.00326310512294
1154,0.0014446171261
1155,0.00417439554865
1156,0.00402500028232
1157,0.00240283812381
1159,0.000989016913749
1160,0.00277011007083
1161,0.00441395906014
1162,0.00132582828216
1163,0.0049038315485
1164,0.00174754952602
1165,0.00249438271398
1166,0.00253735043721
1168,0.00443967551994
1171,0.00270685650096
1172,0.00210066921104
1173,0.00259703507994
1174,0.00242399522248
1175,0.00100534467653
1177,0.00540289659087
1178,0.00206418368362
1179,0.00320263954817
1180,0.00320143890387
1181,0.00957491971791
1182,0.002560817786
1183,0.00271369395373
1184,0.00357081240933
1185,0.00355438448574
1186,0.00129207606557
1187,0.00185610808992
1190,0.00200554803471
1191,0.00435820606374
1192,0.00274050602056
1193,0.00193617944676
1196,0.00719438451282
1197,0.002438192186
1198,0.00123457456213
1199,0.00547475022939
1200,0.00358258438062
1201,0.003190585905
1202,0.0022904315513
1203,0.00273112526772
1204,0.00437152886674
1206,0.00327234154966
1207,0.00572141143253
1208,0.00654336885338
1209,0.00246201038443
1210,0.0060425160961
1211,0.00266571359404
1212,0.00305454366742
1215,0.00253596178685
1216,0.0027273081766
1217,0.00157163163676
1218,0.00241429441005
1220,0.00111088179247
1221,0.00270088463358
1222,0.00425520382668
1223,0.00185371923596
1224,0.00194550226776
1225,0.00298096244161
1226,0.00253683431975
1227,0.00173201954326
1228,0.00853129078702
1229,0.0040642174955
1231,0.00634614159769
1232,0.00193657903998
1233,0.0024338456852
1234,0.00855682677139
1235,0.00581451439718
1238,0.00222415157292
1239,0.00221017585298
1241,0.00225364573194
1242,0.00608691756608
1243,0.0066465162431
1245,0.00227165343819
1246,0.00750753435939
1247,0.00551507830847
1248,0.00313609811648
1249,0.00307691531089
1250,0.00349018530675
1253,0.00412358874715
1254,0.00154077441464
1256,0.00346692761275
1257,0.00676148578515
1258,0.00608493011307
1259,0.00122487810676
1260,0.00278609620645
1261,0.00544646447665
1263,0.00181801977946
1264,0.00211517799732
1265,0.0027630855345
1266,0.00260144299387
1267,0.0042528944364
1268,0.00566857565102
1269,0.00212379188058
1270,0.00206609362424
1271,0.00127207248893
1272,0.00501181267618
1273,0.00253894392522
1274,0.00278965112139
1275,0.00238424071474
1276,0.00854208531428
1277,0.00353106770895
1278,0.00324867871331
1279,0.00367598701346
1280,0.00319282577179
1281,0.00701668041928
1283,0.00422902172431
1284,0.00210348098468
1285,0.00285418990323
1286,0.00350075925048
1287,0.00165967780186
1288,0.00177713002707
1290,0.00165600932397
1292,0.00312294092089
1293,0.00355859368523
1296,0.00225187414329
1298,0.00216253357932
1299,0.00387851098907
1301,0.0069178222101
1304,0.00336843970361
1305,0.00252219804948
1306,0.00136577121468
1307,0.00502772757188
1308,0.00442857265606
1309,0.00468173435997
1310,0.00263294779313
1311,0.00166600308761
1314,0.00819348041632
1317,0.00388649248149
1318,0.00247229785687
1319,0.00228979980369
1320,0.00199784552866
1321,0.00256059558141
1322,0.00287593958681
1323,0.00501943126398
1325,0.00310135061399
1326,0.00428021816406
1328,0.0130196118384
1329,0.00383564384514
1330,0.00324621088235
1331,0.00171903059264
1332,0.00322650603506
1333,0.00509129265081
1334,0.00207251589125
1335,0.00183350784732
1336,0.00317864029283
1337,0.0045114920158
1338,0.00749301990688
1339,0.00187188170806
1341,0.00109296897992
1343,0.00316400409429
1344,0.00325818252857
1345,0.00892443184159
1347,0.00249429300866
1348,0.00632969539834
1349,0.00184515932149
1350,0.00414493569633
1351,0.00182504102931
1352,0.00179362825565
1353,0.00204604518395
1354,0.00176731479522
1356,0.00310469711669
1358,0.00293347334828
1359,0.00236773058186
1360,0.00261191819438
1361,0.00288606291551
1362,0.00286764957507
1363,0.00341324813833
1364,0.00471247008494
1365,0.00442006544014
1368,0.00111005089257
1371,0.00742535042618
1372,0.00235572855466
1373,0.00345010336118
1374,0.0064165477958
1375,0.0024592717482
1376,0.00463435573812
1378,0.00194467592985
1379,0.00485337995444
1380,0.00378933285464
1382,0.00301794872714
1383,0.00127983337823
1384,0.00120859157523
1385,0.00510804536079
1386,0.00343501843739
1387,0.00341726640106
1388,0.00355279663683
1389,0.00332319288771
1390,0.00513532480128
1391,0.00291833008287
1393,0.0101781089493
1395,0.00239909488875
1396,0.00883586128087
1397,0.00436290871026
1398,0.0024516937232
1399,0.00184682270827
1400,0.00311467682807
1401,0.00331905625327
1402,0.00245581542791
1403,0.00288985055798
1405,0.00238299888207
1406,0.00214408894019
1409,0.00323005129896
1410,0.00228187097702
1411,0.00280495078928
1412,0.00390712309061
1414,0.00386071605074
1416,0.00117398229317
1417,0.00500959700946
1418,0.00244918020772
1419,0.00404400105299
1420,0.00204348496474
1421,0.0021020255236
1423,0.00286222026102
1424,0.00736482671243
1425,0.00199134199047
1426,0.00269713475704
1427,0.00434905034442
1428,0.00454764414003
1429,0.00563417644686
1431,0.00526738133081
1433,0.00448925259426
1434,0.00192942110933
1435,0.00604641040979
1436,0.00114436636723
1437,0.00685943094665
1438,0.00480527410973
1439,0.00521006917282
1440,0.00187894324913
1441,0.00136450811313
1442,0.00237951934119
1443,0.00282746339425
1444,0.00235534930888
1447,0.00114789120277
1448,0.0032852777951
1449,0.00301563080416
1450,0.00324123626206
1451,0.00231272513169
1452,0.0045417313988
1453,0.00310960014464
1455,0.00468170694723
1456,0.00229050399155
1457,0.00242714109294
1458,0.00320125169133
1460,0.00223079618447
1461,0.00661966138194
1462,0.00520204794022
1463,0.00179208172579
1464,0.00137233341554
