,pi_i
1102,0.00293042307678
1103,0.00478706956804
1104,0.00499816044319
1106,0.00216601628124
1108,0.00126619041022
1109,0.00154267897945
1110,0.00216403722245
1111,0.00293624320415
1112,0.011820588314
1113,0.00301117019583
1114,0.00525496365545
1116,0.0071869829385
1117,0.00425078332299
1119,0.00202337203301
1120,0.00273727982643
1121,0.00112615311178
1122,0.00324531355752
1123,0.00537510175967
1124,0.00165685096832
1126,0.00192726587349
1129,0.00418522549816
1130,0.00360874237985
1131,0.00414579029551
1132,0.00248466736024
1133,0.00315224392703
1134,0.000679989519799
1135,0.00112254814142
1137,0.00281764082793
1139,0.00275685906059
1140,0.00379347321106
1141,0.00255834448687
1143,0.00486765745524
1144,0.00179832491815
1145,0.00223174461316
1147,0.00224967381369
1148,0.00116225441062
1149,0.0016089150662
1150,0.00387886034939
1151,0.00314527406408
1152,0.00184563706074
1153,0.00359107251005
1154,0.00262014414895
1155,0.00503226381033
1156,0.00315227052567
1157,0.00186443273151
1159,0.00147765199832
1160,0.00334670459605
1161,0.00440326347388
1162,0.00106767614232
1163,0.00559288670394
1164,0.00251155225225
1165,0.00136345703264
1166,0.00383397399631
1168,0.00327208852762
1171,0.00247282799471
1172,0.00153415014231
1173,0.00279123375569
1174,0.00203956348992
1175,0.00111505561039
1177,0.00467458603017
1178,0.0020986147663
1179,0.00304354767101
1180,0.0023424156917
1181,0.0106297061468
1182,0.00256002892558
1183,0.00334700175216
1184,0.00144143756389
1185,0.00318814284462
1186,0.00232989421366
1187,0.00206783002362
1190,0.00276547440333
1191,0.00581045489186
1192,0.00217360391653
1193,0.00190742576394
1196,0.0047259280235
1197,0.00216627016222
1198,0.00146472660285
1199,0.00684887792127
1200,0.00263989212011
1201,0.00378109259453
1202,0.00230631488506
1203,0.00141232354716
1204,0.00361185721531
1206,0.00268734691778
1207,0.00765256021496
1208,0.0046324440779
1209,0.00196407018032
1210,0.00641291709776
1211,0.00286971294135
1212,0.00250057808769
1215,0.00120184586455
1216,0.00242145625715
1217,0.00135910717128
1218,0.00401391089741
1220,0.00225141192595
1221,0.00240327343554
1222,0.00396329885723
1223,0.00185410129546
1224,0.00132263409819
1225,0.00504564942925
1226,0.0015965369234
1227,0.00318490178078
1228,0.0107768895206
1229,0.00311380032163
1231,0.00875306241261
1232,0.00197614921697
1233,0.00257821096245
1234,0.00790850446382
1235,0.00445723378467
1238,0.0020665705956
1239,0.00292146704855
1241,0.00257166574089
1242,0.005520153102
1243,0.00552045454154
1245,0.00432298776647
1246,0.0039958000491
1247,0.00596164418782
1248,0.0027193033265
1249,0.00278509493895
1250,0.00195957672314
1251,0.00131142292241
1253,0.00272016277441
1254,0.00159328812791
1256,0.00535589407778
1257,0.00758620623533
1258,0.00447836106785
1259,0.00142738641273
1260,0.00293613322788
1261,0.00435395769501
1263,0.00202914576673
1264,0.00152252743818
1265,0.00201041973654
1266,0.00285383309572
1267,0.00299001859957
1268,0.00357090279897
1269,0.00164471712312
1270,0.00323324402407
1271,0.00078696039942
1272,0.00618937132964
1273,0.00192459667721
1274,0.00312854135109
1275,0.00330064434464
1276,0.010458047997
1277,0.00502704352697
1278,0.0055819764895
1279,0.00371591672539
1280,0.00329107046081
1281,0.00943030318375
1283,0.00395476666044
1284,0.0018927272214
1285,0.00323961517374
1286,0.00230332498131
1287,0.00192723056141
1288,0.0020088913735
1290,0.00191992142546
1291,0.00200319458283
1292,0.00399169089064
1293,0.00337425273946
1296,0.00174287409835
1298,0.00178504705935
1299,0.00152183245798
1301,0.00654389478284
1304,0.003780741311
1305,0.00306682521116
1306,0.0014832573105
1307,0.00467103144985
1308,0.00407884075475
1309,0.00400786251776
1310,0.00200374149493
1311,0.00145581551636
1314,0.011044740995
1317,0.00259867788998
1318,0.00277496656478
1319,0.00120949359056
1320,0.00276632516454
1321,0.00342098071033
1322,0.0028584998264
1323,0.00460619964176
1325,0.00294361100584
1326,0.00697127746527
1328,0.0100431966168
1329,0.00537313860894
1330,0.00365756655435
1331,0.00315074160938
1332,0.0030221404323
1333,0.00640010365865
1334,0.0021756374082
1335,0.00195772560578
1336,0.00386866482606
1337,0.00424562987086
1338,0.00550601968005
1339,0.00158069546511
1341,0.00154294829461
1343,0.0024986860098
1344,0.00646030788183
1345,0.00694119473201
1347,0.00136082761176
1348,0.00283769855507
1349,0.00247691887041
1350,0.00367890067132
1351,0.00133887193734
1352,0.00238265943233
1353,0.00340792162237
1354,0.00305296893652
1356,0.0038808628553
1358,0.00270095078682
1359,0.0017477642765
1360,0.0022387002043
1361,0.00281741989827
1362,0.00274410170577
1363,0.00192779191927
1364,0.00459701819825
1365,0.00414239254123
1368,0.000949033139512
1371,0.00831539431518
1372,0.00203648280484
1373,0.00530547053823
1374,0.00310694788183
1375,0.00616302647862
1376,0.00430282508818
1378,0.00221813970941
1379,0.00316502889834
1380,0.00339690574758
1381,0.00199481276453
1382,0.00174304189593
1383,0.0013515648862
1384,0.00160588694637
1385,0.00431278640621
1386,0.00211607193667
1387,0.0050638908544
1388,0.00680848731486
1389,0.00333570363801
1390,0.0088324410147
1391,0.0032724304546
1393,0.0099346290384
1395,0.0030705926482
1396,0.00495347730281
1397,0.00458878083317
1398,0.00142900722324
1399,0.00180903601046
1400,0.004994276484
1401,0.0035751285793
1402,0.00263391102367
1403,0.00338574497054
1405,0.00298586553274
1406,0.00345866878742
1409,0.00345599710729
1410,0.00257736569848
1411,0.00279426844822
1412,0.00389019631007
1414,0.00276547244117
1416,0.000962928885689
1417,0.00554037664162
1418,0.00267389982102
1419,0.00251646664953
1420,0.00177849337758
1421,0.00180087340955
1423,0.00278954497834
1424,0.0081783967297
1425,0.00403368302048
1426,0.00204737584781
1427,0.00246551495424
1428,0.00382202504156
1429,0.00349741198619
1431,0.00575879639747
1433,0.00342140960888
1434,0.00226823757667
1435,0.00559088197999
1436,0.00139081971816
1437,0.00497131351053
1438,0.00613024737837
1439,0.00353551307625
1440,0.00220821326481
1441,0.002054914835
1442,0.00168141940161
1443,0.00320563554672
1444,0.00220369851926
1447,0.00109663738617
1448,0.00432068650903
1449,0.00314036221948
1450,0.00355207014143
1451,0.00283113778291
1452,0.00531406180088
1453,0.00300978476197
1455,0.00439868374644
1456,0.00133829989874
1457,0.00149949081329
1458,0.0057271828888
1460,0.00183116720195
1461,0.00381593306226
1462,0.00456250593638
1463,0.00172875476751
1464,0.00127738997602
