,pi_i
1102,0.00272904076293
1103,0.00273366335864
1104,0.00709353729475
1106,0.00186608965391
1108,0.00142844440784
1109,0.00158128870305
1110,0.00305206674838
1111,0.00330343020791
1112,0.00938665083022
1113,0.00399549635706
1114,0.00316033189511
1116,0.00827114443778
1117,0.00289034096068
1119,0.00203871370061
1120,0.00411425131019
1121,0.00109740038939
1122,0.00255795108716
1123,0.0056939198634
1124,0.00354854424826
1126,0.00170565187604
1129,0.00160030889515
1130,0.00258320239202
1131,0.00328318037097
1132,0.00465059523554
1133,0.00283272050902
1134,0.000709783314544
1135,0.00145998594238
1137,0.00225904236119
1139,0.0024224236125
1140,0.00479385373284
1141,0.00310816554255
1143,0.00514427115563
1144,0.00142056379555
1145,0.0021696439049
1147,0.00290758661704
1148,0.00113216518164
1149,0.00138722131993
1150,0.00342176543561
1151,0.00218848881707
1152,0.00193483151252
1153,0.00481263063697
1154,0.00180886814734
1155,0.00665344932347
1156,0.00299390639474
1157,0.00262724996768
1159,0.00182294529224
1160,0.00411273819369
1161,0.0051146122358
1162,0.0013270701845
1163,0.00768160729009
1164,0.00376512060269
1165,0.0017376571087
1166,0.0047273357284
1168,0.00336324081751
1171,0.0018451710645
1172,0.0013511975336
1173,0.00468563589647
1174,0.00269855399576
1175,0.0021220142103
1177,0.00439407485129
1178,0.00271821845305
1179,0.00308613153783
1180,0.00252591372982
1181,0.00855191159429
1182,0.00235146189427
1183,0.00219973147533
1184,0.00229914871635
1185,0.00422276616476
1186,0.00349126243979
1187,0.00222928905647
1190,0.00494560805901
1191,0.00373029312177
1192,0.00260959906834
1193,0.00206609159893
1196,0.00352669263195
1197,0.00252769279414
1198,0.000969910577588
1199,0.00400035303529
1200,0.00407430161314
1201,0.00343598383764
1202,0.00249438329097
1203,0.00279743564592
1204,0.00264480649688
1206,0.00286363845437
1207,0.00690550840156
1208,0.00542665698127
1209,0.00120040884911
1210,0.00764690199811
1211,0.00158533749122
1212,0.00182121281163
1215,0.00158426698672
1216,0.00293273055364
1217,0.00159387475285
1218,0.00504980843935
1220,0.00239532363132
1221,0.00384235199449
1222,0.0056982065064
1224,0.00160901572798
1225,0.00461548396386
1226,0.00139248369877
1227,0.00282948828512
1228,0.00729209245421
1229,0.00369748576977
1231,0.00660526111234
1232,0.00245652130063
1233,0.00205060963218
1234,0.00396823820801
1235,0.00428834365715
1238,0.00181469078837
1239,0.00258556559241
1241,0.00401668462307
1242,0.0117451047593
1243,0.00588812384327
1245,0.00419334984964
1246,0.00433400734491
1247,0.00678253694319
1248,0.00259015904133
1249,0.00152806175803
1250,0.00288169298316
1251,0.00142202298824
1253,0.00446724146575
1254,0.00131505905027
1256,0.00415822028201
1257,0.00800091568283
1258,0.00665271797239
1259,0.00166186462283
1260,0.00254127633157
1261,0.00620729470674
1263,0.00206712785439
1264,0.00202658939142
1265,0.00270042727976
1266,0.00427404900785
1267,0.0027772276107
1268,0.00515818013327
1269,0.00413930886962
1270,0.00215258364723
1271,0.00115812402516
1272,0.00502580019127
1273,0.00119461425756
1274,0.00214578911216
1275,0.00426336723905
1276,0.00763256794246
1277,0.0076674742816
1278,0.00715722135591
1279,0.00383313660533
1280,0.00428254266634
1281,0.00704698401323
1282,0.00227507768977
1283,0.00554159633566
1284,0.00368319516269
1285,0.00284811331592
1286,0.00233624359276
1287,0.00234787815256
1288,0.0014780761821
1290,0.00196318144966
1291,0.00241914350893
1292,0.00213685239485
1293,0.00281834730229
1296,0.00280891307065
1298,0.00183801423147
1299,0.00193037565856
1301,0.0068825879218
1304,0.00328028469558
1305,0.00240807313967
1306,0.00157923029647
1307,0.00461485747372
1308,0.00543890343135
1309,0.00371111640612
1310,0.00170413731532
1311,0.000878369165259
1314,0.00664638016648
1317,0.00156531255347
1318,0.00274496651829
1319,0.00139059412754
1320,0.0035722244141
1321,0.00317066593346
1322,0.00219943068465
1323,0.00515722497814
1325,0.00286465879094
1326,0.00566494850677
1328,0.0107692297717
1329,0.00519316606279
1330,0.00347769825499
1332,0.0041329421988
1333,0.00604523938335
1334,0.00322074901968
1335,0.00225806142328
1336,0.00416511084006
1337,0.0033217201065
1338,0.00509889090108
1339,0.00199942046711
1341,0.00171089221417
1343,0.00382584225765
1344,0.00523203215666
1345,0.00741551302071
1347,0.00129043128861
1348,0.00343984019517
1349,0.00280453939563
1350,0.0034493395741
1351,0.00159650245047
1352,0.00334495066765
1353,0.00414685072284
1354,0.00164155483203
1356,0.00523603982701
1358,0.00203410741792
1359,0.00155490665235
1360,0.00277468353457
1361,0.00273043966341
1362,0.00211200508533
1363,0.00245314674777
1364,0.0058207121366
1365,0.00202798097973
1371,0.00403257533025
1372,0.00100182169399
1373,0.00288155139808
1374,0.00244450562191
1375,0.00278087430857
1376,0.00340755757287
1378,0.0031524283375
1379,0.00475510326104
1380,0.00419638154526
1381,0.0022849755967
1382,0.00189145028548
1383,0.00138673808871
1384,0.00228662918551
1385,0.00556330827658
1386,0.00221438711733
1387,0.0042378314571
1388,0.00149751111455
1389,0.00230919899966
1390,0.00481852624554
1391,0.00252231618744
1393,0.0069654273618
1395,0.00404238769392
1396,0.00499339796871
1397,0.00374402045811
1398,0.00181600125098
1399,0.00262126413429
1400,0.00527166498377
1401,0.0033947271762
1402,0.00196673474272
1403,0.00195620238724
1405,0.00331317697547
1406,0.0028915246583
1408,0.00222142801004
1409,0.00392254780781
1410,0.00341120078858
1411,0.00396097074711
1412,0.00565111210486
1414,0.00238543109784
1416,0.00105101233041
1417,0.00590040623325
1418,0.00365565103827
1419,0.0039190734069
1420,0.00168122782114
1421,0.00215835210543
1423,0.002023155688
1424,0.010599974677
1425,0.00358165372235
1426,0.00211423075934
1427,0.00321490749618
1428,0.00374730423708
1429,0.00308532434526
1431,0.00460273294202
1433,0.00248905381017
1434,0.00147810493326
1435,0.0039237675415
1436,0.00199022267116
1437,0.00561875511163
1438,0.00549468070338
1439,0.00324781959052
1440,0.00237707141222
1441,0.00176090329808
1442,0.00260765865468
1443,0.0026994982767
1444,0.0021171301996
1447,0.00207566548397
1448,0.004059427881
1449,0.00347494647661
1450,0.00283422942735
1451,0.0026540303711
1452,0.00384053263555
1453,0.00402331082118
1455,0.00344431924978
1456,0.00130970965296
1457,0.00152859696024
1458,0.00463973464364
1460,0.00296032963356
1461,0.00410218364448
1462,0.00605473581163
1463,0.00226921700101
1464,0.00152816968497
