,pi_i
1102,0.00173840216146
1103,0.00264790581128
1104,0.00630247154704
1106,0.00213824525675
1108,0.00134531397219
1109,0.000748868218091
1110,0.00255527263749
1111,0.00249625006445
1112,0.00989983064923
1113,0.00514319104251
1114,0.00251341828833
1116,0.0118623546369
1117,0.00379576982732
1119,0.00150416100142
1120,0.0036184322767
1121,0.00166117862739
1122,0.0029231894146
1123,0.0035269315558
1124,0.00323658527828
1126,0.00134082502848
1129,0.00279048573618
1130,0.00412300087394
1131,0.00195257780557
1132,0.00460227099098
1133,0.00244375031346
1134,0.00126270360657
1135,0.0015170560871
1137,0.0032335434149
1139,0.00330630056972
1140,0.00458339045788
1141,0.00310096643187
1143,0.00388095098347
1144,0.000900457189
1145,0.00233506363647
1147,0.00179395464346
1148,0.00130864086991
1149,0.00122952724377
1150,0.00311980620768
1151,0.00296691374342
1152,0.00114576033687
1153,0.00452072897176
1154,0.00122679186458
1155,0.00327654904511
1156,0.00237016125658
1157,0.00350509759028
1159,0.00153726663418
1160,0.00537957764448
1161,0.00309250358976
1162,0.00149347601352
1163,0.00515128958799
1164,0.00404102424996
1165,0.00152362236475
1166,0.0055303281337
1168,0.00285190074432
1169,0.00143439908017
1171,0.00185122831995
1172,0.00169629243864
1173,0.00297070327823
1174,0.00245365563824
1175,0.00232768648616
1177,0.00534396562418
1178,0.00232394001418
1179,0.00219626210673
1180,0.0022770457399
1181,0.0101244260576
1182,0.0033198489003
1183,0.00289102455131
1184,0.00304073353279
1185,0.00536144673631
1186,0.00185606226379
1187,0.00198138507153
1190,0.00625803330904
1191,0.00274231685632
1192,0.00348767318291
1193,0.00198127074363
1196,0.00377839394783
1197,0.00218297564771
1198,0.00104296981668
1199,0.00469844706974
1200,0.00390875569162
1201,0.00327976211228
1202,0.00318934084162
1203,0.00471766410055
1204,0.00279332603597
1206,0.00314458266721
1207,0.00505660391463
1208,0.00656859668669
1209,0.002332619917
1210,0.00598432295985
1211,0.00236139080073
1212,0.00113541992847
1216,0.0027388848173
1217,0.00151234121771
1218,0.00291684302254
1220,0.00240438897422
1221,0.0027977832725
1222,0.00474176323747
1224,0.0020534685769
1225,0.0026282394803
1226,0.00170356319982
1227,0.00253015009403
1228,0.00480787395744
1229,0.00178441627506
1231,0.0105836867764
1232,0.00310061041015
1233,0.00374127390188
1234,0.00494982504027
1235,0.00430761164206
1238,0.00288106607905
1239,0.00177107894746
1241,0.00355184925425
1242,0.00863234896962
1243,0.00483385845761
1245,0.00267540837362
1246,0.00730605955442
1247,0.00414804348605
1248,0.00204532653692
1249,0.00323630051922
1250,0.00274076100314
1251,0.00126166973498
1253,0.0027581999607
1254,0.00142113796549
1256,0.00529015616143
1257,0.00449992124687
1258,0.00264450116936
1259,0.00240444234581
1260,0.00198387158066
1261,0.00681180792154
1263,0.00220972222155
1264,0.00252523137648
1265,0.00154701735352
1266,0.00319902027469
1267,0.00269398200267
1268,0.00419878183465
1269,0.00419104770123
1270,0.00146024354113
1271,0.00111468249822
1272,0.0042005857017
1273,0.000984344835889
1274,0.00320926422766
1275,0.00398685202623
1276,0.00430981987561
1277,0.00548731717676
1278,0.00446565472697
1279,0.00304685039572
1280,0.00538614070384
1281,0.00622306618718
1282,0.0019304002456
1283,0.00457798466051
1284,0.00304666865957
1285,0.00276804088073
1286,0.00171845416847
1287,0.00207416727884
1288,0.00145348113686
1290,0.00144657152441
1291,0.0017412609533
1292,0.00325052245034
1293,0.00490454207369
1296,0.00512092990993
1298,0.00208947918225
1299,0.00203265223141
1301,0.00585978971641
1302,0.000816856502193
1304,0.00845427666346
1305,0.00274724854011
1306,0.00148002944143
1307,0.00406548434396
1308,0.00521230429336
1309,0.00419545739052
1310,0.00222843263907
1311,0.00117697101991
1314,0.0101613201665
1317,0.00227086284276
1318,0.00355430883957
1319,0.00101112575971
1320,0.00273037758858
1321,0.00205326236715
1322,0.00126731322194
1323,0.00391698407924
1325,0.00302512873151
1326,0.00828188253234
1328,0.00563244288356
1329,0.00838597363785
1330,0.00333757190949
1332,0.00411162618657
1333,0.00378661996927
1334,0.00329071533341
1335,0.00211333023093
1336,0.00465181004933
1337,0.00379241664768
1338,0.00620526927784
1339,0.00154515245373
1341,0.000687366122989
1343,0.004835872423
1344,0.00488388543463
1345,0.00523901090232
1347,0.00195350253692
1348,0.00270487372033
1349,0.00390689814655
1350,0.00340395762349
1351,0.00239626404033
1352,0.00349950319318
1353,0.00400495434736
1354,0.00204533649681
1356,0.0051089034654
1358,0.00136109601983
1359,0.00119682323765
1360,0.00344707388252
1361,0.00285615383692
1362,0.00186668404078
1363,0.0020049890418
1364,0.00374693620583
1365,0.00321700227322
1368,0.00149780631896
1371,0.00632820914447
1372,0.00167020320795
1373,0.00505955348651
1374,0.00363065466243
1375,0.00441352020653
1376,0.00448223704446
1378,0.00328612532565
1379,0.00437743528284
1380,0.00257479439093
1381,0.00250753155944
1382,0.00149651953268
1383,0.0020864572893
1384,0.00345379215462
1385,0.00513613008408
1386,0.00336520502929
1387,0.00330681623133
1388,0.00261938021037
1389,0.00478940144752
1390,0.00526381706641
1391,0.00303311167005
1393,0.00674192715388
1395,0.00315546619018
1396,0.00544289769042
1397,0.00426873942219
1398,0.00161360850717
1399,0.00259020154103
1400,0.0060497606682
1401,0.00216973452316
1402,0.00142731148739
1403,0.00274434868658
1405,0.0031531370996
1406,0.00277338788593
1408,0.00412977014532
1409,0.00482632408357
1410,0.00196994437493
1411,0.00215911045045
1412,0.00351172772954
1414,0.00266950367934
1416,0.00181418370034
1417,0.00761320258982
1418,0.00411088989912
1419,0.00408307386961
1420,0.00156267383162
1421,0.000978296686434
1423,0.00199067078392
1424,0.0167188786926
1425,0.00550425829985
1426,0.00221973232348
1427,0.00336451991136
1428,0.00503718025114
1429,0.00297330816179
1431,0.00369529746317
1433,0.00264181999694
1434,0.00165735328299
1435,0.00512112162732
1436,0.00209900687569
1437,0.00522372958927
1438,0.00669361166847
1439,0.00298110792157
1440,0.00184022934046
1441,0.00152331594811
1442,0.0021482448485
1443,0.00303115167904
1444,0.00217077968146
1447,0.00152965904443
1448,0.00560036472667
1449,0.00353819824065
1450,0.00346358727501
1451,0.00208743668135
1452,0.00485283549782
1453,0.00429741518317
1454,0.00259063526483
1455,0.00304377040641
1456,0.00212302580246
1457,0.00102985321642
1458,0.00423013840038
1460,0.00241465446051
1461,0.00389443685371
1462,0.00392479510793
1463,0.00242297161236
1464,0.00166762700453
