,pi_i
1102,0.00170973426539
1103,0.00232376156807
1104,0.00606379729794
1106,0.00181863115159
1108,0.0019282197697
1110,0.00273842926829
1111,0.00253394217482
1112,0.00963123576199
1113,0.00409261032572
1114,0.00287111473733
1116,0.00757211048949
1117,0.00328296914919
1119,0.00156225050814
1120,0.00359071568106
1122,0.00206604241708
1123,0.00414044678585
1124,0.00327887862166
1126,0.00083905973083
1129,0.00242729033759
1130,0.00462758216155
1131,0.001661476584
1132,0.00311387980301
1133,0.00199375406353
1134,0.00116450266809
1135,0.00198840315445
1137,0.00357901365643
1138,0.0008487663382
1139,0.00426286099301
1140,0.00609247979588
1141,0.0020860868049
1143,0.00349180979514
1144,0.00202867349036
1145,0.0018600128414
1147,0.00124294741592
1148,0.00110746547454
1149,0.00184428944056
1150,0.0049066673663
1151,0.00354160019026
1152,0.00130620232662
1153,0.00737871282742
1154,0.00145971370941
1155,0.00347890944545
1156,0.0025950399517
1157,0.00177386543156
1158,0.00294007609478
1159,0.00222327889071
1160,0.0042705955375
1161,0.00267659015212
1162,0.00220022958314
1163,0.00571752410256
1164,0.00204119814241
1165,0.00187889822002
1166,0.00210928707022
1168,0.00341321827654
1169,0.00192740557565
1170,0.00122989073386
1171,0.00143807530956
1172,0.00169694427779
1173,0.00331051499277
1174,0.00334755831647
1175,0.00135543100403
1177,0.00487316836039
1178,0.00285564044654
1179,0.00185547829333
1180,0.00252798477891
1181,0.0106335527437
1182,0.00365912581158
1183,0.00299585282304
1184,0.00298454741757
1185,0.00256325228004
1186,0.00163526187188
1187,0.00202069920003
1190,0.00420290234355
1191,0.00538533194544
1192,0.00211449571292
1193,0.00235296613243
1196,0.00415872656413
1197,0.0019026273725
1198,0.00145437946827
1199,0.0056536046598
1200,0.00406487198331
1201,0.00350570793375
1202,0.00286023076061
1203,0.00357814887029
1204,0.00334296064156
1206,0.0017955098211
1207,0.00503792486964
1208,0.00496921466642
1209,0.00245529740148
1210,0.00701998031474
1211,0.00313120572063
1212,0.000895402065611
1216,0.00146364227354
1217,0.00122899225949
1218,0.00321669150258
1220,0.00273558844795
1221,0.00338661032411
1222,0.00564199055446
1224,0.00207189313321
1225,0.00266921109777
1226,0.00220461237657
1227,0.00326968684032
1228,0.00487487953434
1229,0.00307249989221
1231,0.0110477538286
1232,0.00271488060723
1233,0.00295958746573
1234,0.00646117811653
1235,0.00541599033023
1238,0.00206315653382
1239,0.00248267993553
1241,0.00499105495763
1242,0.0103341263663
1243,0.0036098852634
1245,0.00277406880718
1246,0.00816710492708
1247,0.0052271201452
1248,0.002009893837
1249,0.00301601855155
1250,0.0024757465442
1251,0.00250026793668
1253,0.00346959604629
1254,0.00173310536528
1256,0.00472220650083
1257,0.00547244284973
1258,0.00281567216425
1259,0.00284874162464
1260,0.00287704013925
1261,0.00679890758612
1263,0.00285548029893
1264,0.00415882857112
1265,0.00213733932941
1266,0.00431707088737
1267,0.00189792408873
1268,0.00462679366124
1269,0.00776376617696
1270,0.00146789954171
1271,0.00067354254717
1272,0.00522847370309
1273,0.00224928818712
1274,0.00282704351164
1275,0.00456852436994
1276,0.00654138066158
1277,0.00623027728677
1278,0.00515461651816
1279,0.00305818439239
1280,0.00359144694813
1281,0.00690663691412
1282,0.00317271034024
1283,0.00391112192127
1284,0.00303034498861
1285,0.00417280578968
1286,0.00225533342454
1287,0.00235355346313
1288,0.000781954182251
1290,0.00202430495808
1291,0.00154609789969
1292,0.00267210072102
1293,0.00339068707575
1296,0.00252179032967
1298,0.00196315149015
1299,0.00179295032886
1301,0.00377561673397
1302,0.00147044935013
1304,0.00521981283487
1305,0.00324027341814
1306,0.00142909959732
1307,0.00413336542719
1308,0.0046981110577
1309,0.00401083269507
1310,0.00268159343881
1311,0.00229780948395
1314,0.00711325764056
1317,0.00315511773216
1318,0.00199123299003
1319,0.00115881062742
1320,0.0022746661562
1321,0.00284390286378
1322,0.00183389764081
1323,0.00417786095139
1325,0.003550644862
1326,0.00827899593346
1328,0.00688130991291
1329,0.00850961603944
1330,0.00267806781039
1332,0.00186974283618
1333,0.00434547940323
1334,0.00353218424261
1335,0.00303400072016
1336,0.00437228357072
1337,0.00489457233807
1338,0.00600878296375
1339,0.0018027704516
1341,0.000405447817072
1343,0.00420231453205
1344,0.00414768874063
1345,0.00492034615224
1347,0.002245351472
1348,0.00550618650032
1349,0.00455074142625
1350,0.00456756321712
1351,0.00216514064442
1352,0.00301809979905
1353,0.00464223507843
1354,0.00193999333946
1356,0.00381194159981
1358,0.00116660393375
1359,0.00184077944901
1360,0.00255229359588
1361,0.0018191709921
1362,0.00327030582471
1363,0.00168055869316
1364,0.00380194708559
1365,0.00272629904669
1368,0.00154595351346
1369,0.00200874688164
1371,0.00547756760954
1372,0.00218543115849
1373,0.00314931457209
1374,0.00274351564708
1375,0.00356437224586
1376,0.00347523069361
1378,0.0040450504592
1379,0.00383574058659
1380,0.00227006710389
1381,0.00339077420344
1382,0.00212358478271
1383,0.00221642550189
1384,0.00168207383097
1385,0.00604190783784
1386,0.0032886197374
1387,0.0023350790243
1388,0.00238232106
1389,0.00217163387521
1390,0.0059744570375
1391,0.00138198091707
1393,0.00508487165618
1395,0.00545925259208
1396,0.00542984888421
1397,0.00476939753679
1398,0.0013708028684
1399,0.0026752483214
1400,0.00593569314722
1401,0.00213101407492
1402,0.00155716971369
1403,0.00370016778124
1405,0.00193702370925
1406,0.00316278731707
1408,0.00541576691075
1409,0.00311829380803
1410,0.00137814417192
1411,0.00213265257519
1412,0.00408831994159
1414,0.00244456697467
1416,0.00191445669705
1417,0.00774193152917
1418,0.00392203549238
1419,0.00302594845098
1420,0.00179971718106
1421,0.00128601192423
1422,0.0015319358372
1423,0.00238121765636
1424,0.0069046487464
1425,0.00505476158847
1426,0.00297978293806
1427,0.00307401150945
1428,0.00363002044104
1429,0.00332751458811
1431,0.0048916196839
1433,0.00366958047257
1434,0.0014811604754
1435,0.00380094953609
1436,0.00234348725564
1437,0.00464520266037
1438,0.00564222415524
1439,0.00320182133409
1440,0.00161355991399
1441,0.0013923637821
1442,0.00197292411268
1443,0.00387294966139
1444,0.00407396244589
1447,0.00205078107614
1448,0.00558710837776
1449,0.00285386913093
1450,0.00519178106379
1451,0.00283584022649
1452,0.00570181600267
1453,0.00504281534448
1454,0.00278273266326
1455,0.00209669309881
1456,0.00200291776155
1457,0.00102076808323
1458,0.00433625460345
1460,0.00228895544314
1461,0.0037904687446
1462,0.0035240735085
1463,0.00252188591346
1464,0.00103272345817
