,pi_i
1102,0.00168253033378
1103,0.00170626820373
1104,0.00483561760789
1106,0.00210639184317
1108,0.00188280098443
1110,0.00343471104797
1111,0.00245562940743
1112,0.00744617974842
1113,0.00404748022252
1114,0.00238829586479
1116,0.00697036258796
1117,0.00379734175383
1119,0.00117882759916
1120,0.00439967896835
1122,0.00160900123437
1123,0.0037979885026
1124,0.00331496195185
1126,0.001129096152
1129,0.00303446363695
1130,0.0049169148426
1131,0.00142120184481
1132,0.00264718670746
1133,0.00267955640586
1135,0.00153702007473
1137,0.00343451584505
1138,0.00127664773172
1139,0.0027332564486
1140,0.00575841603288
1141,0.00162365425742
1143,0.0053255088866
1144,0.00159514290532
1145,0.00246829190471
1147,0.001429892492
1148,0.00103508243248
1149,0.00121106603252
1150,0.00421226374737
1151,0.00470971982594
1152,0.00111116592999
1153,0.00843077107106
1154,0.00192455280201
1155,0.00471316034832
1156,0.00336401557973
1157,0.00324866175895
1158,0.00251511465722
1159,0.00235449781709
1160,0.00358699954936
1161,0.00309324978797
1162,0.00270532295691
1163,0.00463480942255
1164,0.00316108125333
1165,0.00291075991426
1166,0.00240874509989
1168,0.00349768942501
1169,0.00210358279832
1170,0.00134544336842
1171,0.00206746659612
1172,0.00240832029357
1173,0.0022516383638
1174,0.00346024951547
1175,0.00146779904909
1177,0.00408362909784
1178,0.00316582288431
1179,0.00292304260608
1180,0.00315387638678
1181,0.0102377514097
1182,0.00355178359386
1183,0.00172336825736
1184,0.00288953363071
1185,0.00256509475927
1186,0.00158560474836
1187,0.00298304200921
1190,0.00322410839492
1191,0.00476329831454
1192,0.0020220743019
1193,0.00272500944257
1196,0.00485063234101
1197,0.00128876746878
1198,0.00264172364937
1199,0.00781601381461
1200,0.00236749689072
1201,0.00241600443697
1202,0.00251008197555
1203,0.005577468878
1204,0.00289805177303
1206,0.00204546295944
1207,0.00438709121673
1208,0.0047325967962
1209,0.00185200297543
1210,0.00642612677112
1211,0.00322472666339
1212,0.00163552476973
1216,0.00241299236416
1217,0.00134148426551
1218,0.00289623177578
1220,0.00205599492831
1221,0.00397564545853
1222,0.00548308399887
1224,0.00136492795824
1225,0.00309213708034
1226,0.0021438513439
1227,0.00314309720439
1228,0.00564450012302
1229,0.0035625625686
1231,0.0108906637205
1232,0.00291833818687
1233,0.00305330868516
1234,0.00774847571378
1235,0.00680835002193
1238,0.00374883244233
1239,0.00219168461586
1241,0.00557150221037
1242,0.00752140799254
1243,0.00492958173705
1245,0.00237223631269
1246,0.00998201756385
1247,0.00289910414601
1248,0.00158055733957
1249,0.00345187942516
1250,0.00148847736475
1251,0.00222849650281
1253,0.00502093779159
1254,0.00193086118675
1256,0.00177203207003
1257,0.00564885592796
1258,0.00182144003719
1259,0.00159976305021
1260,0.00199648000659
1261,0.00529524617331
1263,0.0019195140521
1264,0.00416866676436
1265,0.00204145704468
1266,0.00603196161407
1267,0.00249831131877
1268,0.00420875730379
1269,0.006982313876
1270,0.0023921479475
1271,0.00122736452147
1272,0.00539106072275
1273,0.00208938523892
1274,0.00324750860708
1275,0.00391875251268
1276,0.00914648842077
1277,0.00523808462508
1278,0.005569162745
1279,0.00240825541227
1280,0.00319386835671
1281,0.00561980011407
1282,0.00228280640298
1283,0.00395025167325
1284,0.00226399117785
1285,0.00225588072625
1286,0.00181516924695
1287,0.00129615093422
1288,0.00137323839818
1290,0.00231880570694
1291,0.00230320198071
1292,0.00169869830359
1293,0.00307910095038
1296,0.00186781030422
1298,0.00141389927302
1299,0.00149749892915
1301,0.0029068254193
1302,0.00173870426075
1304,0.00510891046538
1305,0.00217578351565
1306,0.00163126159501
1307,0.00454143736275
1308,0.00495577855471
1309,0.00556783727308
1310,0.00442184535562
1311,0.00210399216378
1314,0.0132796049963
1317,0.00179388884986
1318,0.00312944517667
1319,0.00157938543078
1320,0.00233165910316
1321,0.00294392658601
1322,0.00197248607433
1323,0.00323438372214
1325,0.00267627951272
1326,0.00491829393495
1328,0.00580506254415
1329,0.00469600889754
1330,0.0039447007043
1332,0.00288511047794
1333,0.00402857998553
1334,0.00367322590818
1335,0.0041108170884
1336,0.00311186728498
1337,0.00361293934395
1338,0.00441216380102
1339,0.0014714008256
1341,0.000645820151619
1343,0.00266816770769
1344,0.00524776095499
1345,0.00525962889048
1347,0.00195892600295
1348,0.00563659406481
1349,0.00428687242862
1350,0.0035521369002
1351,0.00289631805144
1352,0.00191532789288
1353,0.00415656097653
1354,0.00193681952842
1356,0.00562275608167
1358,0.00148103605623
1359,0.00215951708905
1360,0.00224683534709
1361,0.00171436152441
1362,0.00284922161001
1363,0.00244651788911
1364,0.00443822096139
1365,0.00298877939017
1368,0.00156984238963
1369,0.00222850830363
1371,0.00837072585464
1372,0.0021278378362
1373,0.00353914080263
1374,0.00383095993532
1375,0.00393553247883
1376,0.00310286681219
1378,0.00258719968024
1379,0.00334606096256
1380,0.00340664945219
1381,0.00231231438152
1382,0.00289411722891
1383,0.00170477829175
1384,0.00184599334307
1385,0.00540023503584
1386,0.00459728269385
1387,0.00389668736113
1388,0.00193657549897
1389,0.00204429748841
1390,0.00263814084188
1391,0.00176164983567
1393,0.00538196569543
1395,0.00203851405379
1396,0.0059139652561
1397,0.00459460464377
1398,0.00325496874678
1399,0.00235569609503
1400,0.0033642347197
1401,0.0032436892639
1402,0.00268016267151
1403,0.00364257933478
1404,0.00142742267052
1405,0.0022281117945
1406,0.00218850315746
1408,0.0046910327984
1409,0.00332609040768
1410,0.00107844505573
1411,0.00215384288108
1412,0.00490778758231
1414,0.00255991287145
1416,0.00143061254402
1417,0.00508974129991
1418,0.00420275331841
1419,0.00541145765933
1420,0.00207545082991
1421,0.000973429131069
1422,0.0015393402775
1423,0.00343302777408
1424,0.00554846339691
1425,0.00376526820914
1426,0.00228497942909
1427,0.00238571357385
1428,0.0055541038875
1429,0.00297157728214
1431,0.00394798447272
1433,0.00529434040538
1434,0.00239006758752
1435,0.00811352067087
1436,0.00164565927831
1437,0.0040691669511
1438,0.00593846938505
1439,0.00271117519199
1440,0.0014756137844
1441,0.00145045126152
1442,0.00170151866611
1443,0.00653046577388
1444,0.00314403797252
1447,0.00284956468155
1448,0.00675659835439
1449,0.00317129936513
1450,0.00458776026416
1451,0.00267381686487
1452,0.00540344992856
1453,0.0028413982689
1454,0.00347485218246
1455,0.0025156416856
1456,0.00267103315313
1457,0.00202127280488
1458,0.00416061106202
1460,0.00355439114045
1461,0.00250364935936
1462,0.00500944759973
1463,0.00200992224584
1464,0.001174907956
