,pi_i
1102,0.00157796256814
1103,0.0018558454885
1104,0.00449557752631
1106,0.00223106449465
1108,0.000843146124881
1110,0.0020043466477
1111,0.00294591015444
1112,0.00947505245704
1113,0.00423425906057
1114,0.00281256136427
1116,0.00829538636353
1117,0.00314464738508
1119,0.00140456219412
1120,0.00403027655042
1122,0.00203553339365
1123,0.00316646151443
1124,0.00280506093753
1126,0.00161695074533
1129,0.00301787050913
1130,0.00640178746077
1131,0.0021304956281
1132,0.00363870748365
1133,0.00313316648376
1135,0.0018897893715
1137,0.00201020262391
1138,0.00162303780643
1139,0.00336339225754
1140,0.00393852094136
1141,0.00149436543379
1143,0.00619112016446
1144,0.00283935806532
1145,0.00388054774585
1147,0.00246521198528
1148,0.000758061238729
1149,0.00176723815997
1150,0.00480623067792
1151,0.00384992428788
1152,0.00101792546323
1153,0.00609625476647
1154,0.00224619777291
1155,0.00493778405249
1156,0.00246728163112
1157,0.00207307424461
1158,0.00368883048971
1159,0.00297143515325
1160,0.00257216925145
1161,0.00319144501316
1162,0.00128307561505
1163,0.00934499589432
1164,0.0043650346887
1165,0.00151048493291
1166,0.0017451268498
1168,0.00197533204719
1169,0.00159777383649
1170,0.00109702220884
1171,0.00164970238911
1172,0.00375392262654
1173,0.00207386481739
1174,0.00246415009375
1175,0.00127259487656
1177,0.00457460868833
1178,0.00297231941038
1179,0.00248144133342
1180,0.00434354829042
1181,0.00718903539497
1182,0.00428026507723
1183,0.00194362939469
1184,0.00246020830946
1185,0.00277785746791
1186,0.00118268942683
1187,0.00332841171626
1190,0.00311984009387
1191,0.00424495057611
1192,0.00218514391084
1193,0.00209745737028
1194,0.0012979718927
1196,0.0069516896389
1197,0.00121574900502
1198,0.00211622388577
1199,0.00447549901812
1200,0.00182145023263
1201,0.00377188901107
1202,0.00213526537826
1203,0.00489521102369
1204,0.00237014815965
1206,0.00186839784187
1207,0.00599982125579
1208,0.004650528281
1209,0.00219900364026
1210,0.00527045851268
1211,0.00394035839918
1212,0.001148207741
1216,0.00321085222776
1217,0.00179876563515
1218,0.00345689373762
1220,0.00135781613292
1221,0.00202139151932
1222,0.00216520735493
1224,0.00168245566725
1225,0.00321422330456
1226,0.003050990686
1227,0.00395197957344
1228,0.00653356325433
1229,0.00356090715942
1231,0.00594553001332
1232,0.00164268307447
1233,0.00169895822313
1234,0.00462532097648
1235,0.00452093418123
1238,0.00333358596932
1239,0.00310385554465
1241,0.00373905440948
1242,0.00785429290102
1243,0.00417226356792
1245,0.00283157866041
1246,0.0095416723893
1247,0.00265216971168
1248,0.00173185832022
1249,0.00225293829553
1250,0.00155195596566
1251,0.00256367641606
1253,0.0026580379782
1254,0.00113553561905
1256,0.0012036882035
1257,0.00834163632999
1258,0.00179402321048
1259,0.00290095116819
1260,0.00205073871421
1261,0.00381015427065
1263,0.00318836852487
1264,0.00445042236647
1265,0.00231421473573
1266,0.00604827401479
1267,0.00171715435806
1268,0.00523811171309
1269,0.0086237687537
1270,0.0019225047629
1271,0.0017934426759
1272,0.00376418952514
1273,0.00153921885585
1274,0.00220362622409
1275,0.00427525878284
1276,0.00660657863408
1277,0.00663793398825
1278,0.00789367291892
1279,0.00290959118465
1280,0.00445938247662
1281,0.0060031548991
1282,0.00228276221288
1283,0.00276313386375
1284,0.00252813228931
1285,0.00313563210942
1286,0.00261617609211
1287,0.00192547230588
1288,0.00164939048871
1290,0.00147233519673
1291,0.00240041531721
1292,0.00176112042943
1293,0.00346908597369
1296,0.00242724421243
1298,0.00222839988983
1299,0.0022221585185
1301,0.00320736863698
1302,0.0020458524428
1304,0.00604583722947
1305,0.00220144134457
1306,0.00257557948116
1307,0.00433475425621
1308,0.00392764711304
1309,0.00394125448406
1310,0.00168663104478
1311,0.00296215008362
1314,0.00996564817785
1317,0.00240885089164
1318,0.00186404722222
1319,0.0020709120867
1320,0.00356252789814
1321,0.00457005806824
1322,0.00164255550335
1323,0.00368676869559
1325,0.00629576812522
1326,0.0047729204641
1328,0.00428755526937
1329,0.00733414213024
1330,0.00455898041743
1331,0.00162062476955
1332,0.00321619518468
1333,0.0022040992924
1334,0.00339292131681
1335,0.00461831186159
1336,0.00398134182326
1337,0.00433567666971
1338,0.00479408172317
1339,0.00261885120984
1341,0.000632112542879
1343,0.00343059217357
1344,0.00722951656445
1345,0.00869899111079
1347,0.00285582799862
1348,0.00374832817539
1349,0.00341027239432
1350,0.00345488914792
1351,0.00323204414236
1352,0.00270103383518
1353,0.00308015781788
1354,0.00217009565253
1356,0.0042398373653
1358,0.00152155229342
1359,0.00218870456538
1360,0.00352539050292
1361,0.00217746535173
1362,0.00360023112445
1363,0.00306815476697
1364,0.00253489873611
1365,0.00328305230031
1368,0.00149334935503
1369,0.00181923973966
1371,0.00531224831163
1372,0.00169897716759
1373,0.00405446210722
1374,0.00243725676891
1375,0.00286207066102
1376,0.00342092299218
1378,0.00298019695927
1379,0.00505685411603
1380,0.00199752860758
1381,0.00238340015452
1382,0.00294684665846
1383,0.00114466122555
1384,0.00257969064458
1385,0.00424383247346
1386,0.00400380348358
1387,0.00523397176337
1388,0.00273877519478
1389,0.00251549887222
1390,0.00453066125515
1391,0.00209732048866
1393,0.00637236477536
1395,0.00204276713131
1396,0.00749793044137
1397,0.00278681985871
1398,0.00335654159973
1399,0.00187657124081
1400,0.00661104397498
1401,0.00359568770593
1402,0.00341273377309
1403,0.0034804535172
1404,0.00127144870672
1405,0.00310071710751
1406,0.00268835893291
1407,0.00143434515231
1408,0.00491454411314
1409,0.00486929840499
1410,0.00271836592453
1411,0.00233342037122
1412,0.00669550906415
1414,0.00241136902314
1416,0.00246338310601
1417,0.00598536180329
1418,0.00427601024333
1419,0.00257399242514
1420,0.00168977244029
1421,0.00117338609619
1422,0.00272899665521
1423,0.00295931317132
1424,0.00279827419056
1425,0.00343589587476
1426,0.00135980503079
1427,0.0018529787795
1428,0.00323366610425
1429,0.00246283561555
1431,0.00280959537889
1433,0.00412990734392
1434,0.0030714995494
1435,0.00504655591209
1436,0.00182623144871
1437,0.00458640187442
1438,0.0047956668967
1439,0.00488231237275
1440,0.00152029977065
1441,0.0026295909837
1442,0.00163348522774
1443,0.00474861428581
1444,0.00296730904827
1447,0.00272254129195
1448,0.00607673007688
1449,0.00309365191695
1450,0.00552700491778
1451,0.00363437575572
1452,0.00474338561214
1453,0.00602137104133
1454,0.00196490120605
1455,0.00192187548465
1456,0.00169051323441
1457,0.00110266888375
1458,0.0057278948304
1460,0.00193783347306
1461,0.0030242349665
1462,0.00424650101413
1463,0.00175354765162
1464,0.00162260366224
