,pi_i
1102,0.00189816150202
1103,0.00188892477085
1104,0.0067246316053
1106,0.00125240560914
1108,0.00130303793778
1110,0.00208627469516
1111,0.00182278185769
1112,0.00781402233416
1113,0.00684780512181
1114,0.00300807334789
1116,0.00733818819797
1117,0.00149766130615
1119,0.00123171484563
1120,0.00449549715455
1122,0.00238122425551
1123,0.0039179166814
1124,0.00209827749633
1126,0.0013576492465
1129,0.00378763991938
1130,0.00300282580202
1131,0.00328043229161
1132,0.00323431705318
1133,0.00451065626274
1135,0.00190601051865
1137,0.00217898409568
1138,0.00282595900342
1139,0.00261114931972
1140,0.0056962791125
1141,0.0013905758861
1142,0.000702043706983
1143,0.00478472159057
1144,0.00123053027596
1145,0.00401660710142
1147,0.00175843075301
1148,0.00137684033242
1149,0.00281887644962
1150,0.00453996019107
1151,0.00289802115687
1152,0.00119928642473
1153,0.00732389485826
1154,0.00157407276123
1155,0.00395551298075
1156,0.00184795087549
1157,0.00143689322805
1158,0.00380386268128
1159,0.00244315918909
1160,0.00396473171254
1161,0.00321472852781
1162,0.00102736807809
1163,0.00670527785627
1164,0.00330798451206
1165,0.00115731650338
1166,0.00183440466002
1168,0.00211872604547
1169,0.00171270562737
1170,0.0014033178447
1171,0.00183741872952
1172,0.00217277371098
1173,0.00190380956863
1174,0.00265335197725
1175,0.0013632599915
1177,0.0051781244216
1178,0.00284148481464
1179,0.00257025544701
1180,0.00474755577551
1181,0.00598672122135
1182,0.00314753596473
1183,0.00212555294197
1184,0.00191214700924
1185,0.00381692506154
1186,0.00173806618706
1187,0.00296281734008
1190,0.00209075005154
1191,0.00508383213316
1192,0.00217333685646
1193,0.00280369610571
1194,0.0013329906174
1196,0.00611090092791
1197,0.000890771603728
1198,0.0020011322974
1199,0.00437524605404
1200,0.00166315839484
1201,0.00286023400601
1202,0.00187996805176
1203,0.00478986027907
1204,0.00130274778388
1206,0.00152950123484
1207,0.0050476876066
1208,0.00550915832454
1209,0.00172626259647
1210,0.00564553766608
1211,0.00456686292414
1212,0.00126768368816
1216,0.00233649051038
1217,0.00149824676671
1218,0.00387040232006
1220,0.00208708295972
1221,0.00215885071276
1222,0.00222415536023
1224,0.00139703951357
1225,0.00256264808431
1226,0.00309708429179
1227,0.00330696189458
1228,0.00523848178311
1229,0.00367284439902
1231,0.00606498129855
1232,0.00196485603762
1233,0.00229252120407
1234,0.00601574993325
1235,0.00653433394391
1238,0.00240052901769
1239,0.00326982554566
1241,0.00313865219488
1242,0.00836608388953
1243,0.0031636227739
1245,0.002198956229
1246,0.010492678646
1247,0.00309143988931
1248,0.000755762661567
1249,0.00167763642441
1250,0.00155842158938
1251,0.00205283232779
1253,0.00389007367485
1254,0.00144580107148
1256,0.00255423413969
1257,0.00574879592374
1258,0.0027578536532
1259,0.00191460271807
1260,0.00159565503681
1261,0.00344218177178
1263,0.00220105909416
1264,0.00495947301531
1265,0.00266227109751
1266,0.00447691985444
1267,0.00259534607873
1268,0.007805389873
1269,0.00978411556499
1270,0.00201330460681
1271,0.00138578376096
1272,0.0056700674236
1273,0.00241178631873
1274,0.00297546132137
1275,0.00499662427904
1276,0.0049983450533
1277,0.00623156434571
1278,0.00603222251397
1279,0.0030217501778
1280,0.00672157820335
1281,0.00479011915001
1282,0.00177411475406
1283,0.00337077316883
1284,0.00254927609304
1285,0.00422822419093
1286,0.00495484466822
1287,0.00226703691612
1288,0.00108324579544
1290,0.00193909787994
1291,0.00246089288321
1292,0.00134442768307
1293,0.00278713046306
1296,0.003031253373
1298,0.00272470089176
1299,0.00167938091901
1301,0.00440878573363
1302,0.00119354597824
1304,0.00495031149532
1305,0.00412990034315
1306,0.00308239390649
1307,0.00365106294553
1308,0.00515157748374
1309,0.00345679782978
1310,0.00160861046615
1311,0.00401335338809
1314,0.00832966102843
1317,0.00193015872613
1318,0.00327239169515
1319,0.00201170569553
1320,0.00205751566074
1321,0.00139630670161
1322,0.00173099504758
1323,0.00301697655802
1325,0.00593009146148
1326,0.00252487456754
1328,0.00679831269661
1329,0.00871697857861
1330,0.00417098962709
1331,0.00149617926498
1332,0.00543443414415
1333,0.00390139660762
1334,0.00345839217734
1335,0.00474422530018
1336,0.00488637173394
1337,0.00213173245398
1338,0.00371099011056
1339,0.00343752275573
1341,0.000669049629344
1343,0.00296109500108
1344,0.00402727377081
1345,0.00645063845797
1347,0.00166151923395
1348,0.0031365516888
1349,0.00305825120116
1350,0.00223244870686
1351,0.00320538162027
1352,0.00128269927387
1353,0.00391134533086
1354,0.0015342843579
1356,0.00475980667437
1358,0.00140536007335
1359,0.0021514098897
1360,0.00261384732099
1361,0.00236860860326
1362,0.00238320253083
1363,0.00204134665571
1364,0.00315688622313
1365,0.00476690419238
1368,0.00192485890738
1369,0.00172931121268
1371,0.00427463523945
1372,0.00218681441274
1373,0.00214681627383
1374,0.00193685150026
1375,0.00192182781358
1376,0.00284974225561
1378,0.00402324807769
1379,0.00460943096067
1380,0.00160198823055
1381,0.00287701384841
1382,0.00502558889103
1383,0.00127227403157
1384,0.00205130580686
1385,0.00397143257391
1386,0.00467529797511
1387,0.00658091629202
1388,0.00381135018336
1389,0.00326944959418
1390,0.00553023476031
1391,0.00259493180175
1393,0.00548674785935
1395,0.00301560074191
1396,0.00562887651216
1397,0.00333332183283
1398,0.00245295499531
1399,0.00160302065817
1400,0.00608234807682
1401,0.00283241636996
1402,0.00146736448448
1403,0.00533273260327
1404,0.0012329666038
1405,0.00318116328485
1406,0.00211335596028
1407,0.00181471497055
1408,0.00502105139802
1409,0.00563875600281
1410,0.00299982587626
1411,0.00364610751943
1412,0.00364527875393
1414,0.00307305297359
1416,0.00187280952921
1417,0.00892539311333
1418,0.0021676673485
1419,0.00299549975309
1420,0.00205894924697
1421,0.00189188252135
1422,0.00413716148116
1423,0.00293344159912
1424,0.00332533879331
1425,0.00360778933107
1426,0.00168135643864
1427,0.00227953505758
1428,0.00655084737416
1429,0.00444281671246
1431,0.00364536181965
1433,0.00353606850008
1434,0.00284932246692
1435,0.00479396972134
1436,0.00246026203571
1437,0.0069553016824
1438,0.00737328698931
1439,0.00594956916634
1440,0.00132359438243
1441,0.00181505359538
1442,0.00259775956286
1443,0.00520891837349
1444,0.003204542802
1447,0.00175397363876
1448,0.00743237134703
1449,0.00384515556687
1450,0.00512428236227
1451,0.0041370337638
1452,0.00313690541111
1453,0.00418561021643
1454,0.00128069731444
1455,0.00269493678219
1456,0.00212497982291
1457,0.00143356049456
1458,0.00395285046976
1460,0.00238072650233
1461,0.00361142566049
1462,0.00483267009374
1463,0.00140773128273
1464,0.00218078502572
