,pi_i
1102,0.00169032570632
1103,0.00159461637571
1104,0.00356007672945
1106,0.000949994621384
1108,0.00121922882541
1110,0.00248289257093
1111,0.00137746200543
1112,0.00673389830103
1113,0.00269079811271
1114,0.00387626658461
1116,0.00437830203176
1117,0.00202554846621
1119,0.00112948983028
1120,0.00400636300271
1122,0.00323152999094
1123,0.00344020522566
1124,0.00224430770934
1126,0.00130181631926
1129,0.0025048950062
1130,0.00621947233448
1131,0.00369116023653
1132,0.00323105596127
1133,0.00502828302674
1135,0.0019454837633
1137,0.0025479382677
1138,0.0019207774286
1139,0.00346726834017
1140,0.00393788744297
1141,0.00223996157424
1142,0.00195345461426
1143,0.00498843245721
1144,0.0022638246236
1145,0.00393770256622
1147,0.00173536960608
1148,0.00176220762971
1149,0.00217683018757
1150,0.0045070342934
1151,0.00236167440696
1152,0.000810965518627
1153,0.00872553793349
1154,0.00110730553078
1155,0.00515790730074
1156,0.00149231890385
1157,0.0011406285483
1158,0.00340840383923
1159,0.00291632363051
1160,0.00270134863913
1161,0.00386162219008
1162,0.00152853973161
1163,0.0121741753422
1164,0.00263774927922
1165,0.00180244382682
1166,0.00308695713761
1168,0.00176335789025
1169,0.00128627156717
1170,0.00130312926149
1171,0.00194460658967
1172,0.00461215720624
1173,0.00306088446825
1174,0.00316263803583
1175,0.00109059215316
1177,0.00394228238496
1178,0.00368338932133
1179,0.00262620494194
1180,0.00632872910013
1181,0.00672574696391
1182,0.00312140909773
1183,0.00173426654148
1184,0.00198767018959
1185,0.0053792691294
1186,0.00127267186027
1187,0.00254470936351
1190,0.00144468585386
1191,0.00316554431159
1192,0.00165452815827
1193,0.00335057526466
1194,0.00205033096632
1196,0.00363436700858
1197,0.000856223110465
1198,0.00146885273399
1199,0.00446166867332
1200,0.00190750132904
1201,0.00399868681788
1202,0.00161713111141
1203,0.00497217025082
1204,0.0010508558978
1206,0.00212589421251
1207,0.00941288943924
1208,0.00674042489876
1209,0.00177974039601
1210,0.00784033811846
1211,0.00395532958536
1212,0.00180427640123
1214,0.00180909900809
1216,0.00194095628808
1217,0.00282549138219
1218,0.0031902808233
1220,0.00160371483973
1221,0.00231998647782
1222,0.0030512619358
1224,0.00144724248056
1225,0.00246446653024
1226,0.0017610908636
1227,0.00249861334174
1228,0.00613336100497
1229,0.00396016696434
1231,0.00676846016033
1232,0.0020510232417
1233,0.00369891138269
1234,0.00792066440112
1235,0.00494682538368
1238,0.00239538255761
1239,0.00301117420868
1240,0.00174151068074
1241,0.00244006149964
1242,0.00787356115525
1243,0.00409771552291
1245,0.00287531110676
1246,0.0122801554429
1247,0.00306581666579
1248,0.00175459806561
1249,0.00225677301305
1250,0.00138545221141
1251,0.00254478964847
1253,0.00337739856793
1254,0.0014020667389
1256,0.00235849029929
1257,0.00635540403588
1258,0.00278441832559
1259,0.00269927674842
1260,0.0022748153457
1261,0.0028486324024
1263,0.0028660818906
1264,0.00435244076278
1265,0.00332113355265
1266,0.00624231991605
1267,0.00319085475813
1268,0.00593487955732
1269,0.00993816704668
1270,0.00256093165307
1271,0.00130531428482
1272,0.00607413684918
1273,0.00185717688339
1274,0.00399083346825
1275,0.00490065047545
1276,0.00642347732759
1277,0.00421347088452
1278,0.00461131368033
1279,0.00332854217703
1280,0.00585278595204
1281,0.00423755232303
1282,0.00201464752638
1283,0.00354869040158
1284,0.00351141004922
1285,0.00311762744106
1286,0.00427854320063
1287,0.00127144717662
1288,0.0014788817297
1290,0.00254788401168
1291,0.00400184888729
1292,0.00240940035503
1293,0.00332155482013
1296,0.00409541545697
1298,0.00174259134896
1299,0.00107326092273
1301,0.00576157606619
1302,0.00183243069326
1304,0.00444240970246
1305,0.00299652257633
1306,0.00184065616623
1307,0.00473111412826
1308,0.00214979493101
1309,0.00423370915737
1310,0.00243722573565
1311,0.00143125658639
1314,0.00720401684346
1317,0.00252171423346
1318,0.00164499862788
1319,0.00147303793997
1320,0.00318796645593
1321,0.00230945489178
1322,0.00149639728237
1323,0.00362532187161
1325,0.00389559392379
1326,0.00309279463228
1328,0.0052909095216
1329,0.00444550229252
1330,0.00317712537469
1331,0.0027726554351
1332,0.00365134893469
1333,0.00231716127965
1334,0.00317161369197
1335,0.00322210628198
1336,0.00670860598446
1337,0.00228223460777
1338,0.0041699077588
1339,0.00327564066854
1341,0.000648223211297
1343,0.00367045672126
1344,0.00560819478609
1345,0.00754318668088
1347,0.00212726230152
1348,0.00536266448044
1349,0.00303450719966
1350,0.00236715827954
1351,0.00365266836123
1352,0.00152744852146
1353,0.00345281280506
1354,0.00278669859552
1356,0.00259237919788
1358,0.0019993494714
1359,0.0021470391504
1360,0.0025013777459
1361,0.00315865120634
1362,0.00257685670267
1363,0.00245266681441
1364,0.00238091806417
1365,0.00418134690843
1368,0.00196242853166
1369,0.00169668741954
1371,0.00389503392757
1372,0.00220635443106
1373,0.00178378312545
1374,0.00238768882689
1375,0.00240672536073
1376,0.00408914378253
1378,0.00355080729798
1379,0.00314616891748
1380,0.00224449109239
1381,0.00224522073234
1382,0.00315667691188
1383,0.0016576439823
1384,0.00196219243281
1385,0.00391922066966
1386,0.00424471112706
1387,0.00381754475391
1388,0.00271125814939
1389,0.00341897167108
1390,0.00555468245961
1391,0.00154600562465
1393,0.0075919205058
1395,0.00272819875347
1396,0.00527624669343
1397,0.00398273917362
1398,0.00240546051013
1399,0.0022755395737
1400,0.00515359001462
1401,0.00271029277424
1402,0.00165121286078
1403,0.00627152385106
1404,0.00195020769309
1405,0.00352629672507
1406,0.00336028412292
1407,0.00128080176925
1408,0.004746353108
1409,0.00517602167863
1410,0.00231976931561
1411,0.00138752682271
1412,0.0035105498726
1414,0.00297336627021
1416,0.00182613514085
1417,0.00627117564005
1418,0.00298922656369
1419,0.00284699368298
1420,0.00150656743191
1421,0.0019560064295
1422,0.00318974334733
1423,0.00308128902319
1424,0.00226691755614
1425,0.00327118207188
1426,0.00172822657592
1427,0.00227305098674
1428,0.00687280035171
1429,0.00311286942428
1431,0.00287423232314
1433,0.00477470729259
1434,0.00306212353404
1435,0.00388748850881
1436,0.00200520237309
1437,0.00832193695079
1438,0.00468851056385
1439,0.00475371288931
1440,0.0023682350826
1441,0.00239589959323
1442,0.00191288289921
1443,0.00315252173755
1444,0.00335972987867
1447,0.00219273687143
1448,0.00686001938128
1449,0.00419662381803
1450,0.00461442498188
1451,0.00389591912174
1452,0.00459147284741
1453,0.00497552536535
1454,0.00232262613708
1455,0.0025216131729
1456,0.00216625496624
1457,0.00119669402254
1458,0.00435979117679
1459,0.000910199857344
1460,0.00275558450244
1461,0.00282543533267
1462,0.0035880891281
1463,0.00148667252382
1464,0.00174718248175
