,pi_i
1102,0.00173188880179
1103,0.00263437783698
1104,0.00437428395349
1106,0.00118952797297
1108,0.00138020864477
1110,0.00238424932012
1111,0.0023661963023
1112,0.00714677365874
1113,0.00276341737766
1114,0.00262414804772
1116,0.00483083312162
1117,0.00209405554183
1119,0.00124638542399
1120,0.00349760527452
1122,0.00255193891602
1123,0.00344199102106
1124,0.00345686204815
1126,0.00199374713035
1129,0.00322266651304
1130,0.00501978148999
1131,0.00453649256875
1132,0.00519402261716
1133,0.00446402001811
1135,0.00172545474745
1137,0.00298497656291
1138,0.0025781054032
1139,0.00501399823247
1140,0.0012476212721
1141,0.00179299407029
1142,0.00281389611522
1143,0.00651314098777
1144,0.00152866192568
1145,0.00371155804828
1147,0.00117599545207
1148,0.00185901059992
1149,0.00262483568541
1150,0.00489075555129
1151,0.00321149684715
1152,0.00126937840272
1153,0.00835957459875
1154,0.00167141988377
1155,0.00745284881693
1156,0.00226008174912
1157,0.00157236444524
1158,0.00400998272767
1159,0.00226680675738
1160,0.00464906582709
1161,0.00319106017776
1162,0.00152535059955
1163,0.00447090538846
1164,0.00323691979356
1165,0.00200234600804
1166,0.00392825430341
1168,0.00240259049257
1169,0.00252090076844
1170,0.000896609592395
1171,0.00307079956675
1172,0.00264249169135
1173,0.00323502087054
1174,0.00356178263537
1175,0.00140878844408
1177,0.00189779199464
1178,0.00365912353965
1179,0.00215929893645
1180,0.00482951624271
1181,0.00954076046484
1182,0.0030623604203
1183,0.0015956796671
1184,0.00131350329977
1185,0.00410342333941
1186,0.00137003074525
1187,0.00330740807814
1190,0.00112513159443
1191,0.00358264939229
1192,0.00231773193813
1193,0.00260558559305
1194,0.00213041859398
1196,0.00358435152055
1197,0.00142795176925
1198,0.00285382150108
1199,0.00594493236282
1200,0.00219269009763
1201,0.00447441563903
1202,0.00152528920301
1203,0.0048877448546
1204,0.0011171722808
1206,0.00215644176903
1207,0.00478406245995
1208,0.00598735446178
1209,0.00138587722029
1210,0.00430484601246
1211,0.00270679763194
1212,0.00140403015244
1214,0.00157290933064
1216,0.00327931723003
1217,0.00272628706674
1218,0.00366625821907
1220,0.00264563186613
1221,0.00162423613951
1222,0.00257862512933
1224,0.0013653208365
1225,0.00198216623172
1226,0.00189092809702
1227,0.00309401857989
1228,0.00663535332939
1229,0.00535932177109
1231,0.00638639389184
1232,0.00258827270975
1233,0.00409946648052
1234,0.00608141987198
1235,0.0051979932326
1238,0.00184230444092
1239,0.00161259270707
1240,0.00134843911138
1241,0.0029146897772
1242,0.0126231556784
1243,0.00291912625564
1245,0.00233015590613
1246,0.0137843325628
1247,0.00306628039964
1248,0.00145326321769
1249,0.00247467244014
1250,0.000981103030939
1251,0.00293375895079
1253,0.00269676649527
1254,0.00419148040882
1256,0.00313881661831
1257,0.00532774510898
1258,0.00200796852547
1259,0.0028455785603
1260,0.00223911578343
1261,0.00328541982478
1263,0.00241542378008
1264,0.00227031187798
1265,0.00154395384246
1266,0.00573638509101
1267,0.0029277222383
1268,0.00759088709697
1269,0.00561851722059
1270,0.00254750381981
1271,0.00167790498024
1272,0.00439062744762
1273,0.000735188360286
1274,0.00409602664758
1275,0.00511490065174
1276,0.00671147359376
1277,0.0044621070205
1278,0.00861519434825
1279,0.00483604717563
1280,0.00304370188706
1281,0.00494921226341
1282,0.00167318651869
1283,0.00478433543373
1284,0.00347032626774
1285,0.00274947472083
1286,0.00214490924536
1287,0.00138073487405
1288,0.00168082796462
1290,0.00197311150985
1291,0.00259061573332
1292,0.00256217463399
1293,0.00236275780672
1296,0.00233592043751
1298,0.00256526903693
1299,0.00204061191227
1301,0.00570043667441
1302,0.00238849339506
1304,0.00486265302054
1305,0.00328674573395
1306,0.00180703202187
1307,0.00570931882628
1308,0.0038135247529
1309,0.00407168367251
1310,0.00222732792026
1311,0.00160202840381
1314,0.00923565475535
1317,0.00183858746481
1318,0.00188939948754
1319,0.00285466845037
1320,0.00395034498726
1321,0.002716538336
1322,0.00193395670143
1323,0.00388699007587
1325,0.00353028295924
1326,0.00402901779849
1328,0.00566782400967
1329,0.00412745508029
1330,0.0042310779096
1331,0.00409761039477
1332,0.00479471945005
1333,0.00267675163623
1334,0.00485252733428
1335,0.00252929449213
1336,0.00299719016468
1337,0.00213995144146
1338,0.00443322033285
1339,0.00199814308216
1341,0.000999223077527
1343,0.00451293399389
1344,0.00565631293885
1345,0.00484988422741
1347,0.00212065167772
1348,0.00667482942015
1349,0.00291412137622
1350,0.00314585775261
1351,0.00255588789792
1352,0.00161570158204
1353,0.00293356263387
1354,0.00197873298347
1356,0.00352730871276
1358,0.00150840086256
1359,0.00183514684877
1360,0.00337679679492
1361,0.00227487659756
1362,0.00281670323229
1363,0.00250072707274
1364,0.00211156632565
1365,0.00373965676507
1368,0.00128875074379
1369,0.00194407764714
1371,0.00285092445783
1372,0.00150988008406
1373,0.00211511347193
1374,0.00311259941982
1375,0.00386693138819
1376,0.00672012794062
1378,0.00223356221453
1379,0.00300960594703
1380,0.0010612315615
1381,0.00175101698881
1382,0.00380347903559
1383,0.00187261589028
1384,0.00235717436236
1385,0.00373587049191
1386,0.00553859938793
1387,0.00264244901239
1388,0.00364353289801
1389,0.00241315162661
1390,0.00626584087669
1391,0.00137329824906
1393,0.00531801113595
1395,0.00526163370361
1396,0.00620889873573
1397,0.00276069129312
1398,0.00193089349513
1399,0.00198548976793
1400,0.00492344849658
1401,0.00297529521333
1402,0.0022783632621
1403,0.0051874571158
1404,0.00168218181619
1405,0.00295948887451
1406,0.0023767435751
1407,0.00204715736291
1408,0.00443271222949
1409,0.00665859723709
1410,0.00133272685864
1411,0.00158601016016
1412,0.00373727277171
1414,0.00103003760233
1416,0.00110721495725
1417,0.00580689537937
1418,0.00241726389195
1419,0.00218214433093
1420,0.00138738807285
1421,0.00274501378422
1422,0.00219656170127
1423,0.00288280964924
1424,0.0040249886458
1425,0.0047799472423
1426,0.00142211116746
1427,0.00141299966648
1428,0.00661713075535
1429,0.00311032464153
1431,0.00258642553947
1433,0.00318494577664
1434,0.00394079222517
1435,0.00484682025124
1436,0.00212629638126
1437,0.00660662259642
1438,0.00634289931475
1439,0.00404487029731
1440,0.00172467246181
1441,0.0017340423079
1442,0.0029072776354
1443,0.00245519446441
1444,0.0030658275949
1447,0.00189486424456
1448,0.0084979436921
1449,0.00404456770397
1450,0.00393564025458
1451,0.00217788736346
1452,0.00523675169215
1453,0.00299255648769
1454,0.00189957391848
1455,0.003732483175
1456,0.00260531348171
1457,0.00134555338668
1458,0.00525491282884
1459,0.00141042091368
1460,0.00200194105275
1461,0.00305991774853
1462,0.00627198546433
1463,0.0017089501812
1464,0.0018074350572
