,pi_i
1102,0.00164687627137
1103,0.00393169944152
1104,0.00442459595172
1106,0.00140537326299
1108,0.001698441865
1110,0.00244937407683
1111,0.00256815992636
1112,0.0102074238872
1113,0.00423902890686
1114,0.00216346255509
1116,0.00623490000969
1117,0.00348364306983
1119,0.00110906869515
1120,0.0039275355649
1122,0.00274868515781
1123,0.0045067242183
1124,0.00304488402584
1126,0.000851341479175
1129,0.00341974957039
1130,0.00357974343675
1131,0.00374540489051
1132,0.002573893816
1133,0.00384446449219
1135,0.00126080623269
1137,0.00230475525894
1138,0.00232056280956
1139,0.00425700879941
1140,0.00282815906725
1141,0.00168617869321
1142,0.0018793238106
1143,0.00391490241728
1144,0.00119687963001
1145,0.00257606410081
1147,0.00200125354118
1148,0.00127251961295
1149,0.00121513254758
1150,0.00539367875453
1151,0.00179512665901
1152,0.000911796538254
1153,0.00675219056865
1154,0.00192093313958
1155,0.00776349960777
1156,0.00264224009323
1157,0.00116000864093
1158,0.0037681831736
1159,0.00223915778234
1160,0.00259228835523
1161,0.0034474583298
1162,0.00157754326751
1163,0.00891630060879
1164,0.00349897332449
1165,0.00167735474703
1166,0.00393337591928
1168,0.00243447032935
1169,0.00253162959473
1170,0.000830509249677
1171,0.00145151778036
1172,0.00289296597801
1173,0.00472022192364
1174,0.00310571666403
1175,0.00104464421525
1177,0.0024911078455
1178,0.00556191470517
1179,0.00139771593368
1180,0.00287199254976
1181,0.012541116495
1182,0.00310285264109
1183,0.0027150159965
1184,0.00197325682241
1185,0.00478921585916
1186,0.00198544418482
1187,0.00253519291028
1190,0.00174522464553
1191,0.00331777506364
1192,0.00396164218685
1193,0.00264425163028
1194,0.00115162037872
1196,0.00442015640597
1197,0.00159463561953
1198,0.00365162575788
1199,0.00584126453979
1200,0.00253107882862
1201,0.00397913858763
1202,0.00152530188797
1203,0.00560328285303
1204,0.00151426229289
1206,0.00223160580773
1207,0.00373402036108
1208,0.0052094206016
1209,0.00230017455619
1210,0.00577325460071
1211,0.00563530715362
1212,0.00156667231303
1214,0.00170094685449
1216,0.00260142393815
1217,0.00193941041178
1218,0.00408830623739
1220,0.00322522997586
1221,0.00148023168688
1222,0.001940790141
1224,0.00128626777796
1225,0.00296853542817
1226,0.00101250927606
1227,0.00483728781412
1228,0.00642128378272
1229,0.00509480876362
1231,0.00575266327354
1232,0.00349939064858
1233,0.00557781393789
1234,0.00634634950643
1235,0.00273498143289
1238,0.00210664608703
1239,0.00200402129494
1240,0.00126882032787
1241,0.00241698156277
1242,0.0103110190171
1243,0.00430804628072
1245,0.00264200254898
1246,0.00977025506848
1247,0.00257001292085
1248,0.00265063567194
1249,0.00272872999733
1250,0.00147756245228
1251,0.00144612032109
1253,0.00200613856052
1254,0.00361019908826
1256,0.00253206613418
1257,0.00464576308935
1258,0.00205605855763
1259,0.00279901092898
1260,0.00238045441138
1261,0.00266760340993
1263,0.00163429915168
1264,0.00269210305105
1265,0.00233105004572
1266,0.00420884348992
1267,0.0026675166392
1268,0.00698941593493
1269,0.00612614686314
1270,0.00127537801136
1271,0.00156603320519
1272,0.00383590574472
1273,0.00108326387088
1274,0.00452876963944
1275,0.00391429286082
1276,0.00773096498673
1277,0.00641011908258
1278,0.00469701560375
1279,0.00624365112884
1280,0.00427842706618
1281,0.00421332891605
1282,0.00161911426094
1283,0.00477654408995
1284,0.00139124234907
1285,0.00211045642712
1286,0.00307687436855
1287,0.00159075622405
1288,0.00180384092344
1290,0.00134615943014
1291,0.00261632590434
1292,0.00301079141969
1293,0.0051478819399
1296,0.00248586558588
1298,0.00263497671149
1299,0.00129496099395
1301,0.00498613095374
1302,0.000988710824431
1304,0.00439777557455
1305,0.0028893143379
1306,0.00194316897557
1307,0.00598919475127
1308,0.00337044288399
1309,0.0026846088026
1310,0.00316226359019
1311,0.00266182311307
1313,0.00153644490178
1314,0.0130576463659
1317,0.00177465523836
1318,0.00260397525636
1319,0.00326355946381
1320,0.0026596629215
1321,0.00266602188493
1322,0.00188647793882
1323,0.00337661971093
1325,0.00177263984378
1326,0.00298258226427
1328,0.00451684042326
1329,0.00473984329757
1330,0.00268952854385
1331,0.0032712780643
1332,0.00327492628386
1333,0.00320989056021
1334,0.00513732105035
1335,0.00306491021976
1336,0.00407289167043
1337,0.00388158169706
1338,0.002923073864
1339,0.00214655514806
1341,0.0014600200935
1343,0.00550797572542
1344,0.00403035724364
1345,0.00853463506347
1347,0.00235085459156
1348,0.00555315044959
1349,0.00228102161105
1350,0.00428973820394
1351,0.00345739616905
1352,0.00170456242732
1353,0.00426003092333
1354,0.00283291647069
1356,0.00345984870758
1358,0.0017766501936
1359,0.00177218050631
1360,0.00278973267723
1361,0.0024288722084
1362,0.00436025584496
1363,0.00135342081141
1364,0.00173770243676
1365,0.0038894843141
1368,0.00123736622508
1369,0.00232724305751
1371,0.00357614029364
1372,0.00143120730563
1373,0.00331490287944
1374,0.00322510646333
1375,0.00419216846745
1376,0.00544378418712
1378,0.0031784656862
1379,0.0048560254606
1380,0.00208990508508
1381,0.00148250433778
1382,0.00409184463853
1383,0.00240763282487
1384,0.00228677181305
1385,0.00492911264788
1386,0.00332778759602
1387,0.00488476475267
1388,0.00268666299813
1389,0.0022361506657
1390,0.00659008596691
1391,0.00157635224456
1393,0.00539896468413
1395,0.00752938194465
1396,0.00569780856786
1397,0.00486837350376
1398,0.00228269190269
1399,0.0014533058809
1400,0.00361081061539
1401,0.0023167711516
1402,0.00247321498125
1403,0.00321720546297
1404,0.00145572389339
1405,0.00390592179429
1406,0.00255687708629
1407,0.000964761383913
1408,0.00237109890835
1409,0.00391302666078
1410,0.00118183907229
1411,0.00225115779811
1412,0.00394224896162
1414,0.00173398537088
1416,0.00238981218066
1417,0.00498758725677
1418,0.0029653015413
1419,0.00228150490181
1420,0.00194354420558
1421,0.0026765851738
1422,0.0015030843635
1423,0.00367491911765
1424,0.0040587485523
1425,0.00297653330059
1426,0.00184662189041
1427,0.00220943432796
1428,0.00586037189646
1429,0.0045010903596
1431,0.00235779843886
1433,0.00240608371759
1434,0.00316578184307
1435,0.00522635291951
1436,0.0028010795572
1437,0.00381963394589
1438,0.00405163460503
1439,0.00322946507736
1440,0.00159937016271
1441,0.001682939218
1442,0.00199803213746
1443,0.00246240607033
1444,0.00521698585103
1447,0.0018981891607
1448,0.0043239465777
1449,0.00394947713458
1450,0.00319235829549
1451,0.002516864908
1452,0.00568972825236
1453,0.00344325607239
1454,0.00188230774306
1455,0.0033353119101
1456,0.00347904150426
1457,0.00103401016813
1458,0.00412908278125
1459,0.0013368334282
1460,0.00252149292984
1461,0.00344015030201
1462,0.00754836033398
1463,0.00180843834477
1464,0.00301308233158
