,pi_i
1102,0.00188527392069
1103,0.00365629521822
1104,0.00411169706185
1106,0.00128086558777
1108,0.00283005060472
1110,0.00186834761475
1111,0.00284474574105
1112,0.00569419076496
1113,0.00414197616397
1114,0.0020089050399
1115,0.000748052551049
1116,0.00600062630099
1117,0.00378555070569
1119,0.0010473452794
1120,0.0102523872216
1122,0.00207659712793
1123,0.00310621184875
1124,0.00207560788001
1126,0.00171086307177
1129,0.00356012788977
1130,0.0024817144683
1131,0.00192494721621
1132,0.00406083406777
1133,0.0037700993866
1135,0.00118619401867
1137,0.00246390653755
1138,0.00152985683001
1139,0.00359402432712
1140,0.00301910317404
1141,0.00251042015427
1142,0.00173434986758
1143,0.0046431162608
1144,0.00141251238011
1145,0.0023012356582
1147,0.00203177307686
1148,0.00254423326282
1149,0.0012249459563
1150,0.00565383369081
1151,0.0024425278027
1152,0.00101642541717
1153,0.00835017561492
1154,0.00109694383554
1155,0.00493885348284
1156,0.00238135425815
1157,0.000877091885046
1158,0.00433517100141
1159,0.00221234808538
1160,0.00377339952378
1161,0.00394138111316
1162,0.00140565009952
1163,0.0100504331169
1164,0.00266629757318
1165,0.00180872553431
1166,0.00516821342914
1168,0.0018428729529
1169,0.00309986961858
1170,0.00109935006372
1171,0.00174957791154
1172,0.00263936572069
1173,0.0035205184495
1174,0.00411281666335
1175,0.00125299928488
1176,0.00189652944731
1177,0.00442583853439
1178,0.00497967940997
1179,0.00229046576158
1180,0.00329751213922
1181,0.0176602973296
1182,0.00183713668503
1183,0.00236538091737
1184,0.00116620565081
1185,0.00205488012468
1186,0.0019515970423
1187,0.00244658856473
1190,0.00202893585321
1191,0.00416698972976
1192,0.00216498497849
1193,0.00253731484897
1194,0.00148419996011
1196,0.00561342785481
1197,0.001730350965
1198,0.00337587052368
1199,0.00407275697118
1200,0.00259613922423
1201,0.00420261487828
1202,0.00187276560843
1203,0.00469988832155
1204,0.00153495525783
1206,0.00401143510713
1207,0.0043674233113
1208,0.00443639386855
1209,0.0027608544358
1210,0.00344929560128
1211,0.00634832757997
1212,0.0011466311806
1214,0.0016321395564
1216,0.00162427945283
1217,0.00207126513206
1218,0.00174581753969
1220,0.00365770145723
1221,0.00127995647521
1222,0.00235079342798
1224,0.000912185396677
1225,0.00268215146744
1226,0.00154666453813
1227,0.00213436980344
1228,0.00485223570856
1229,0.00384944390829
1231,0.00633797563263
1232,0.00409666046004
1233,0.00305000454459
1234,0.00509832636898
1235,0.00342944241865
1237,0.00160648544973
1238,0.00184054013559
1239,0.00171904849132
1240,0.00131325002608
1241,0.00314098475981
1242,0.00613712131612
1243,0.00480476070565
1245,0.00457547751484
1246,0.0100443997361
1247,0.0028092108383
1248,0.00296600183252
1249,0.00242544853306
1250,0.00115129436749
1251,0.000743490735183
1253,0.00215158440893
1254,0.00183883858929
1256,0.00358583561865
1257,0.00606388680228
1258,0.00199983237715
1259,0.00263164593045
1260,0.00192806103105
1261,0.0028731150696
1263,0.00315799799568
1264,0.00167548728976
1265,0.00273302931921
1266,0.00357214918938
1267,0.00375781046502
1268,0.0095505134834
1269,0.00435102790363
1270,0.00228972221744
1271,0.00180250103754
1272,0.00350236694806
1273,0.00132788710442
1274,0.00698233848403
1275,0.00560504368121
1276,0.0045339672328
1277,0.00966815825817
1278,0.00484155837972
1279,0.00539331830008
1280,0.00474682796709
1281,0.00471838753263
1282,0.00199719925533
1283,0.00532255630191
1284,0.00142265793866
1285,0.00226193257265
1286,0.00282550866177
1287,0.00197214324548
1288,0.00172442646656
1290,0.00151942204985
1291,0.00246652952093
1292,0.0018528587779
1293,0.004620499635
1296,0.00212989921013
1298,0.00262627123988
1299,0.00169524934089
1301,0.00489989741251
1304,0.00424083897431
1305,0.00158804785488
1306,0.0011476682765
1307,0.00394506900123
1308,0.00368154649998
1309,0.00269514466435
1310,0.00290302941574
1311,0.00227352344453
1313,0.00191473596249
1314,0.00728269449553
1317,0.00143729488313
1318,0.0017556974
1319,0.00393378777671
1320,0.00330200593252
1321,0.00406831308442
1322,0.00158988349843
1323,0.00357597800998
1325,0.00464583802961
1326,0.00707264398101
1328,0.00505315751822
1329,0.00525649791051
1330,0.00400208537869
1331,0.00293562902328
1332,0.00455442950089
1333,0.00313716605135
1334,0.00217660254878
1335,0.00397915683874
1336,0.00456486126256
1337,0.00351550640873
1338,0.00367721351194
1339,0.00191301541801
1340,0.00261654807442
1341,0.000890777959898
1343,0.00392033860496
1344,0.00402189200201
1345,0.00560296432919
1346,0.00137814853209
1347,0.00186735675225
1348,0.00535865947272
1349,0.00332976094014
1350,0.00285680836862
1351,0.00288207431755
1352,0.00231638148493
1353,0.00543276686621
1354,0.00184894679576
1356,0.0037490336629
1358,0.00161113954868
1359,0.00351001410455
1360,0.00312046787235
1361,0.00122265623014
1362,0.00263359862061
1363,0.00257637495384
1364,0.0023591592866
1365,0.0026858131607
1368,0.000977780866482
1369,0.00330746557739
1371,0.00451977382479
1372,0.00131818374856
1373,0.00402057593723
1374,0.00313504063538
1375,0.00226830943909
1376,0.00272820517529
1378,0.0039820452508
1379,0.00374905884302
1380,0.00200009917216
1381,0.00205194748489
1382,0.00339778204484
1383,0.00273520647905
1384,0.00166670169289
1385,0.00801615635457
1386,0.00335079374925
1387,0.0046508926456
1388,0.00262456106547
1389,0.00259491550826
1390,0.00830622806071
1391,0.00190649899114
1393,0.00608327116369
1395,0.00430015102023
1396,0.00702439403256
1397,0.00579854296093
1398,0.00170038535001
1399,0.00169555187927
1400,0.00503435613424
1401,0.00247611707836
1402,0.00290666096273
1403,0.00273354202591
1404,0.00136567255135
1405,0.00397527138278
1406,0.00162653108821
1407,0.00139607723129
1408,0.00277445264787
1409,0.00519970111774
1410,0.00202734108269
1411,0.00127018653649
1412,0.004477172224
1414,0.00173158171826
1416,0.00305989641489
1417,0.00597042273239
1418,0.00303587685464
1419,0.00196099676589
1420,0.00261374083089
1421,0.00157834387795
1422,0.00140866252721
1423,0.00286594763325
1424,0.00392581200179
1425,0.00442553039316
1426,0.00164089411596
1427,0.00242506334474
1428,0.00653085929909
1429,0.00270631413843
1431,0.00299811434938
1433,0.00292864806568
1434,0.00344791986741
1435,0.00352213750955
1436,0.00194634406224
1437,0.00499531813488
1438,0.00355542587871
1439,0.00289729171909
1440,0.0012261032173
1441,0.000968204862768
1442,0.00241655462053
1443,0.0028419898716
1444,0.00259910465456
1447,0.00178640982826
1448,0.0044323780183
1449,0.00467992935913
1450,0.0029362079902
1451,0.00386980034157
1452,0.00312816051856
1453,0.00376713936789
1454,0.00189776474699
1455,0.0030777505278
1456,0.00167558571321
1457,0.00188755005399
1458,0.00732509655665
1459,0.00183313971365
1460,0.00204926134878
1461,0.00357731521478
1462,0.00557791679871
1463,0.00127960945677
1464,0.00243381945599
