,pi_i
1102,0.001912467099
1103,0.00350730634994
1104,0.00375086686539
1105,0.00166297396598
1106,0.00130865860741
1107,0.00141580407278
1108,0.00213943653476
1110,0.00227105063218
1111,0.00380817844371
1112,0.0072849412504
1113,0.00453878710299
1114,0.00155001233622
1115,0.000933652435916
1116,0.00511369066488
1117,0.00222171039782
1119,0.00108073469487
1120,0.00518967881337
1122,0.00302174131954
1123,0.00453259580633
1124,0.0024850719496
1125,0.00150967640009
1126,0.002223433233
1129,0.00264666866729
1130,0.00320035955458
1131,0.00161838735935
1132,0.00405170183799
1133,0.00364018208533
1135,0.00138621241044
1137,0.00229974522384
1138,0.00150817269351
1139,0.00550423785097
1140,0.00414203375753
1141,0.00237198420108
1142,0.00179325255113
1143,0.00412845479664
1144,0.00157514978057
1145,0.00202938200464
1147,0.00165949735419
1148,0.00316681675582
1149,0.00117186072724
1150,0.00539664553748
1151,0.00189803421451
1152,0.00173780868871
1153,0.0101541514316
1154,0.00122616044857
1155,0.00276171035168
1156,0.00333606495282
1157,0.00190878928856
1158,0.00284506982086
1159,0.00172792658515
1160,0.00410031773871
1161,0.0038087001316
1162,0.00162034784853
1163,0.00682155138975
1164,0.00206410963198
1165,0.00154347726497
1166,0.00473729780981
1168,0.00157444935901
1169,0.00363529925389
1170,0.00178183118094
1171,0.0014589852826
1172,0.0024349000993
1173,0.00470070363373
1174,0.00326096321959
1175,0.00139834291606
1176,0.00145919149049
1177,0.00575540574428
1178,0.00364292982703
1179,0.00274863880343
1180,0.00220318796354
1181,0.00908095514766
1182,0.00227392125442
1183,0.00319373107892
1184,0.0013971100054
1185,0.00300702855906
1186,0.00262853589779
1187,0.00221434839361
1189,0.00164144836252
1190,0.00190341624331
1191,0.00315124728619
1192,0.00215083524689
1193,0.00269594002563
1194,0.00099175306467
1196,0.00837079468996
1197,0.00123978740277
1198,0.00245502903747
1199,0.00310491930706
1200,0.00319667818266
1201,0.00474103616374
1202,0.0020847328449
1203,0.00363629786874
1204,0.00197019508103
1206,0.0035351832581
1207,0.00376411637772
1208,0.00333470581444
1209,0.00264612430033
1210,0.00344147208513
1211,0.00651416761007
1212,0.000883241051373
1214,0.00220375462556
1216,0.0015741819136
1217,0.00155979299933
1218,0.00321412985247
1219,0.00133767620621
1220,0.00430389322143
1221,0.0017328888578
1222,0.00303606821793
1224,0.000947035383228
1225,0.00239037667931
1226,0.00190054785562
1227,0.00235168895788
1228,0.00700254796514
1229,0.00254146299185
1231,0.00657440407669
1232,0.00434323890484
1233,0.0030956896474
1234,0.00434361630888
1235,0.00648111816209
1237,0.00181671456885
1238,0.00217142821385
1239,0.00162868312832
1240,0.00196183115199
1241,0.00276314148447
1242,0.00585686752427
1243,0.00245277830603
1245,0.00482545421992
1246,0.00653803280113
1247,0.00280724114524
1248,0.00325310090325
1249,0.00256628690575
1250,0.00147652125209
1251,0.0015947850147
1253,0.00405618878506
1254,0.00134082736663
1256,0.00347958504101
1257,0.00560256330467
1258,0.00113030331362
1259,0.00143200715263
1260,0.00213699544615
1261,0.0070053543658
1263,0.00294575241505
1264,0.00235160097521
1265,0.00219015838216
1266,0.00372141867598
1267,0.00371883179765
1268,0.00677899083671
1269,0.00440845062787
1270,0.00140158580836
1271,0.0014189595731
1272,0.00360908487801
1273,0.00199560296182
1274,0.00477019348902
1275,0.00418518469679
1276,0.00307568859073
1277,0.0101845494769
1278,0.00339899120674
1279,0.00375012601359
1280,0.00381494753886
1281,0.00474605712782
1282,0.00245346252845
1283,0.00442831188972
1284,0.00191934036801
1285,0.00281363770654
1286,0.00185202782004
1287,0.00185215600062
1288,0.00116224477963
1290,0.00159281681596
1291,0.00156126686788
1292,0.00260437738188
1293,0.0040605849683
1296,0.0031073126016
1298,0.00303045811098
1299,0.00191028596402
1301,0.00462581088182
1304,0.00262054648071
1305,0.00214064374316
1306,0.000838021408932
1307,0.00358556496135
1308,0.00386859806843
1309,0.00226346430054
1310,0.00233526425711
1311,0.00182664371355
1313,0.00157213812151
1314,0.0059066958656
1317,0.00149186373054
1318,0.00161260565467
1319,0.0032609285377
1320,0.00288753790623
1321,0.00194462570958
1322,0.00221900974009
1323,0.00426267247463
1324,0.00247387338627
1325,0.00506854034301
1326,0.00610170380992
1328,0.00711879049506
1329,0.00665771930516
1330,0.00272152058086
1331,0.0024016443327
1332,0.00509791107734
1333,0.00304822601041
1334,0.00236873676612
1335,0.00361957874051
1336,0.00460475987032
1337,0.00550783153565
1338,0.0027875109347
1339,0.00205894074832
1340,0.0025131711765
1341,0.0011452188471
1343,0.00346463123853
1344,0.00263509963248
1345,0.00595158912819
1346,0.00185103933283
1347,0.00247819211177
1348,0.00189473955924
1349,0.00152250766345
1350,0.00356597621446
1351,0.00241768760361
1352,0.00238455423209
1353,0.00379515089443
1354,0.00226327070238
1356,0.0045133297106
1357,0.000999375501346
1358,0.00292519646932
1359,0.00371832535008
1360,0.00405007571441
1361,0.00157277971903
1362,0.00351341819267
1363,0.00271611187238
1364,0.00262111206437
1365,0.00334918097513
1368,0.00148172396731
1369,0.00380269522328
1371,0.00400019804859
1372,0.00139305731969
1373,0.00317808460948
1374,0.00408995334957
1375,0.00312836494655
1376,0.00466859721298
1378,0.00432306309874
1379,0.00360190416847
1380,0.00173058649618
1381,0.00245759632215
1382,0.00466586172171
1383,0.00240127130318
1384,0.00172712560913
1385,0.00574607552058
1386,0.0036811894839
1387,0.00462348969445
1388,0.00180812612888
1389,0.00149254342799
1390,0.00918505694022
1391,0.00165466159275
1392,0.0011936554157
1393,0.00616318388414
1395,0.00362138364737
1396,0.00801095148964
1397,0.0064771730624
1398,0.0016969001239
1399,0.00294055453389
1400,0.00722674067356
1401,0.00218416010867
1402,0.00212935368906
1403,0.00279387169383
1404,0.00208540223157
1405,0.004358385929
1406,0.00198546602228
1407,0.00221007306346
1408,0.0035401143626
1409,0.00881128329237
1410,0.00152606404281
1411,0.00172219539073
1412,0.00312036353693
1414,0.00210755931089
1416,0.00232339706938
1417,0.00500546705639
1418,0.0034799309243
1419,0.00266159314652
1420,0.00207535157693
1421,0.00186481917045
1422,0.00212314656599
1423,0.0036918777875
1424,0.00434221234034
1425,0.00491858751272
1426,0.00208163748711
1427,0.00222103840978
1428,0.00461493315402
1429,0.00441031842921
1431,0.00324720629145
1433,0.00227868834025
1434,0.00252861396451
1435,0.00491695327155
1436,0.00202954637414
1437,0.00428117344507
1438,0.00479867775322
1439,0.0036117592038
1440,0.00129474344167
1441,0.00168775185495
1442,0.00192165633424
1443,0.00254656900289
1444,0.00265982839138
1447,0.00194456365424
1448,0.00503798602044
1449,0.00299203731819
1450,0.00234044266887
1451,0.0027573425063
1452,0.00298242825754
1453,0.00307427441048
1454,0.00312159722062
1455,0.00268139145778
1456,0.00214592670575
1457,0.00292483017896
1458,0.00629290073473
1459,0.00208167266102
1460,0.00222643720875
1461,0.00402485128622
1462,0.00482136800227
1463,0.00142891237815
1464,0.00200226470274
