,pi_i
1102,0.00236234884639
1103,0.00232486050159
1104,0.00514716837364
1105,0.00164476451986
1106,0.00211891760276
1107,0.00109287749583
1108,0.00210578931046
1110,0.00181545035128
1111,0.00170774387628
1112,0.00837998590535
1113,0.00408536222776
1114,0.00265643518308
1115,0.000678953512379
1116,0.00565520419961
1117,0.00253210951654
1119,0.00135419093429
1120,0.00457075256705
1122,0.00351245056924
1123,0.00316774709645
1124,0.00371439447125
1125,0.00176344313052
1126,0.00126572092735
1129,0.00284947966573
1130,0.00656431593682
1131,0.00244122774133
1132,0.00299495533245
1133,0.00338864899308
1135,0.00200367518997
1137,0.00173850510071
1138,0.00179944561693
1139,0.00514825218007
1140,0.00516289601942
1141,0.00277354442946
1142,0.0013586600198
1143,0.0055052629423
1144,0.00147652857149
1145,0.00300884296405
1147,0.00121502754622
1148,0.0020153205123
1149,0.00134141543369
1150,0.00576383622425
1151,0.00285924492374
1152,0.00134376399354
1153,0.00597124251122
1154,0.00199055456806
1155,0.0031207564937
1156,0.00334735974364
1157,0.00162806786101
1158,0.00336006256175
1159,0.00181728407841
1160,0.00427526514661
1161,0.00320844562995
1162,0.00172517639348
1163,0.00427543314422
1164,0.00175266825491
1165,0.00146018701285
1166,0.00566364341056
1168,0.00123008517268
1169,0.00428364814782
1170,0.00126796643898
1171,0.00141291820949
1172,0.00206405045589
1173,0.00460592162147
1174,0.00386810552427
1175,0.00158033989211
1176,0.00174408421375
1177,0.003031045496
1178,0.00442963014315
1179,0.00275302129528
1180,0.00262948777096
1181,0.0141575847191
1182,0.00243205174687
1183,0.00338957768696
1184,0.00137587653743
1185,0.00161733853028
1186,0.00283237746408
1187,0.00240742081823
1189,0.00132786869295
1190,0.00250751805595
1191,0.00259531019512
1192,0.00192130464945
1193,0.00229979141318
1194,0.0014625500205
1196,0.00718443842243
1197,0.00102740734698
1198,0.00175588307442
1199,0.002911122098
1200,0.00286340139406
1201,0.00578079460253
1202,0.00203822048499
1203,0.00429037039357
1204,0.00248944751403
1206,0.00404957324915
1207,0.00494826491526
1208,0.00503751427038
1209,0.00447080976101
1210,0.00521942303946
1211,0.00501481493304
1212,0.00123160085217
1214,0.00305115481923
1216,0.00138110328333
1217,0.00206349528639
1218,0.0037383656065
1219,0.00121281348209
1220,0.00445964660409
1221,0.00330690575041
1222,0.00250217256814
1224,0.00131038915547
1225,0.00133869302321
1226,0.00234315365885
1227,0.00258643964337
1228,0.00844312973048
1229,0.00380483693222
1231,0.0067001414677
1232,0.00429953846573
1233,0.00330497657408
1234,0.00558276259551
1235,0.00602420859436
1237,0.00227620309735
1238,0.00149555344974
1239,0.00222108820306
1240,0.00158005891637
1241,0.00242207333136
1242,0.00667510422683
1243,0.00318277101019
1245,0.00482522359166
1246,0.00783349564343
1247,0.00325720600979
1248,0.00198872332335
1249,0.00133273631022
1250,0.00197578057893
1251,0.00152434538586
1253,0.00247694254154
1254,0.00154434236819
1256,0.00296929407064
1257,0.00314474135608
1258,0.00189248908646
1259,0.00168479317583
1260,0.0019275572032
1261,0.00397358813346
1263,0.00286941608295
1264,0.00300933676558
1265,0.00298917738916
1266,0.00353128742847
1267,0.00321739450222
1268,0.00895645268453
1269,0.00440667848366
1270,0.00327950683838
1271,0.00133891017358
1272,0.00452028119563
1273,0.00225951653201
1274,0.00371935943084
1275,0.00409822978336
1276,0.00262370264426
1277,0.00808147374159
1278,0.00358640639411
1279,0.00598051585555
1280,0.00468787670914
1281,0.00469432623995
1282,0.00266848639807
1283,0.00286604367898
1284,0.00300230574519
1285,0.00194224313167
1286,0.00270162547964
1287,0.00196814242941
1288,0.00156413340224
1290,0.00194874891249
1291,0.00137356941977
1292,0.00152322844989
1293,0.00285888214308
1296,0.00151064352532
1298,0.00318598807585
1299,0.00175425931681
1301,0.00442171606237
1304,0.00405995655581
1305,0.00262963149985
1306,0.00162203174209
1307,0.00395799903302
1308,0.00280649062353
1309,0.00238872663465
1310,0.00251263303901
1311,0.00171163592988
1313,0.00185259350294
1314,0.00767575110513
1317,0.00109143838882
1318,0.001860590903
1319,0.00246649543198
1320,0.00225495496758
1321,0.00291434151057
1322,0.00218737699927
1323,0.00465982328837
1324,0.00186467183257
1325,0.00371209774661
1326,0.00527407209126
1328,0.00640088997173
1329,0.00437327864342
1330,0.0030481969265
1331,0.00165827239874
1332,0.00380833649136
1333,0.00307438111121
1334,0.00271583218214
1335,0.00268071939684
1336,0.00477328230021
1337,0.0044911290224
1338,0.00383790520764
1339,0.00173780573464
1340,0.0016806097605
1341,0.000913004118537
1343,0.0025198528259
1344,0.00523593293657
1345,0.00441035301108
1346,0.00135697019311
1347,0.00227337701973
1348,0.00200082221267
1349,0.00304297524905
1350,0.00446776379674
1351,0.00251670190518
1352,0.00150083748338
1353,0.00315719498494
1354,0.00275950645574
1356,0.00311394609334
1357,0.00122203132828
1358,0.00216064504682
1359,0.00271416200611
1360,0.00346816220541
1361,0.00256849254041
1362,0.00231721221052
1363,0.00265898203768
1364,0.00213586535862
1365,0.00337781836236
1368,0.00172450114279
1369,0.00235546617071
1371,0.00370046419994
1372,0.00148487896907
1373,0.00325655869069
1374,0.00388713488579
1375,0.00351529643677
1376,0.00439129835419
1378,0.00482112237678
1379,0.00487287180554
1380,0.00137079966522
1381,0.00340660136817
1382,0.00419324450345
1383,0.0026189973391
1384,0.00150627649644
1385,0.00399255054708
1386,0.00573544265729
1387,0.00453710601384
1388,0.00100795898763
1389,0.00157660985349
1390,0.00929608567853
1391,0.00246236353177
1392,0.00169923320483
1393,0.00500080973481
1395,0.00479020718392
1396,0.00610312639508
1397,0.00609845713432
1398,0.00226620265224
1399,0.00302126020189
1400,0.00579164780075
1401,0.00230703690116
1402,0.00161226415798
1403,0.00250851446394
1404,0.00184984638662
1405,0.00412140772992
1406,0.00202774388809
1407,0.00286886963018
1408,0.00195695919663
1409,0.00506260624758
1410,0.0019632565059
1411,0.00131858267506
1412,0.00403010388468
1414,0.00283730192692
1416,0.00203726575544
1417,0.00549960064726
1418,0.00299911139394
1419,0.00162527061758
1420,0.00251731601572
1421,0.00199673867363
1422,0.00279050249541
1423,0.00374403741558
1424,0.00310624119698
1425,0.00534804549234
1426,0.00177848847128
1427,0.00212645854676
1428,0.00426922387431
1429,0.00450500565271
1431,0.00401534037698
1433,0.00301785679402
1434,0.00360651012471
1435,0.00385881491055
1436,0.00200383844574
1437,0.0041381052872
1438,0.00612421689317
1439,0.00185864268943
1440,0.0015758069135
1441,0.00162194606337
1442,0.00148464893191
1443,0.00422139544396
1444,0.00193514189449
1447,0.00240306847742
1448,0.0071846137271
1449,0.00240734200667
1450,0.00283613589927
1451,0.00244415546833
1452,0.00297531646798
1453,0.00234644809507
1454,0.00315119769748
1455,0.00245065948376
1456,0.00239013303325
1457,0.00273112260712
1458,0.00510530548691
1459,0.00226738698183
1460,0.00289000178243
1461,0.00425362108677
1462,0.00492446113857
1463,0.00197249458779
1464,0.00249180419141
