,pi_i
1102,0.00281188038122
1103,0.0024866450245
1104,0.006643957999
1105,0.00162561257839
1106,0.00176692941683
1107,0.00136029400712
1108,0.00203512817198
1110,0.00244826483131
1111,0.0019402404712
1112,0.00629239120587
1113,0.00401492552177
1114,0.00352930746465
1115,0.00087366680937
1116,0.00443471113174
1117,0.00327536548099
1119,0.00149613145845
1120,0.00320521079555
1122,0.00266019038641
1123,0.00460517187878
1124,0.00312228347432
1125,0.00217049283614
1126,0.00150548463245
1127,0.00153409857622
1129,0.00257011360704
1130,0.00430335114131
1131,0.00278457396384
1132,0.00464963171397
1133,0.00239391018171
1135,0.00234403995965
1137,0.00199197331005
1138,0.00271025173016
1139,0.00520022403541
1140,0.00399852472833
1141,0.0023394222321
1142,0.00252224467979
1143,0.00512727307401
1144,0.00131440442273
1145,0.00223965147693
1147,0.00135703481785
1148,0.00303525575938
1149,0.00133592688445
1150,0.00509217116226
1151,0.00309205190818
1152,0.000988316408386
1153,0.00955686195851
1154,0.00263442371002
1155,0.003052806273
1156,0.00254467698151
1157,0.00125172373662
1158,0.00381661681267
1159,0.00215663844373
1160,0.00322409351254
1161,0.00296078984456
1162,0.00214363585515
1163,0.00567831877061
1164,0.00132489310313
1165,0.00144723930756
1166,0.0042480096729
1168,0.00169367615027
1169,0.0025367793303
1170,0.00145715498722
1171,0.00136779381767
1172,0.00305372656293
1173,0.00511720534391
1174,0.00297942440719
1175,0.00228233864021
1176,0.00175275090577
1177,0.002476275352
1178,0.00364249227716
1179,0.00266988081174
1180,0.00267991846954
1181,0.0114794325724
1182,0.00222074958829
1183,0.00211079880366
1184,0.0013247422283
1185,0.00136782358842
1186,0.00276134487659
1187,0.00243900782464
1189,0.00138121994371
1190,0.00325982761108
1191,0.00179136275202
1192,0.001198269354
1193,0.00234918543615
1194,0.00248116440632
1196,0.00747075481809
1197,0.00165927225449
1198,0.00226951165033
1199,0.00271225788069
1200,0.0022802617504
1201,0.00423492598303
1202,0.00265123697908
1203,0.00243239847944
1204,0.0024167414633
1206,0.00311623400265
1207,0.00481567421909
1208,0.00574088531625
1209,0.0029921650412
1210,0.00376635035842
1211,0.0062552107895
1212,0.0011527010302
1214,0.00368097332015
1216,0.00184297624621
1217,0.00200158636405
1218,0.00508467134572
1219,0.00128272563062
1220,0.00258162507822
1221,0.00311131147278
1222,0.0035040125279
1224,0.00250148739701
1225,0.00177150051448
1226,0.00169956237306
1227,0.00335792155466
1228,0.00666887977572
1229,0.00317582038715
1231,0.00647819026706
1232,0.00214348808898
1233,0.0024962305905
1234,0.00532145340693
1235,0.00314474797813
1237,0.0026003420256
1238,0.00139110035513
1239,0.00241218879967
1240,0.0017709965341
1241,0.00256118731426
1242,0.00887689032263
1243,0.00276286368569
1245,0.00619171366409
1246,0.00615951129095
1247,0.00320067712674
1248,0.00229357507107
1249,0.00205210678382
1250,0.00146493012017
1251,0.000906632522395
1253,0.00262596984848
1254,0.000905468928514
1256,0.00385668836869
1257,0.0045142017341
1258,0.00192397874871
1259,0.00136365706309
1260,0.0032073385918
1261,0.00442806172567
1263,0.00174121115897
1264,0.00344649328904
1265,0.00327362719696
1266,0.00699800911969
1267,0.00261752610001
1268,0.00772239000836
1269,0.00328964853768
1270,0.00318877752639
1271,0.00160211717704
1272,0.00538368388365
1273,0.00144563436471
1274,0.00529963620466
1275,0.00331324220255
1276,0.00279969265727
1277,0.00515744236375
1278,0.00447721688279
1279,0.00518659359595
1280,0.00616425539152
1281,0.00498178991547
1282,0.00258771169188
1283,0.00350495431946
1284,0.00227867884625
1285,0.00237788505536
1286,0.00285960241662
1287,0.00239114012426
1288,0.00134828936772
1289,0.000713401660486
1290,0.00148313289735
1291,0.000872985766226
1292,0.00247393158152
1293,0.00308697776436
1296,0.00235539382177
1298,0.00189778417691
1299,0.00170233294723
1301,0.00549555066504
1304,0.002933004692
1305,0.00328871334876
1306,0.00141658818429
1307,0.00369058157927
1308,0.00360883532436
1309,0.00240873026345
1310,0.00286846155337
1311,0.000879102273939
1313,0.00181127256361
1314,0.00267533030583
1317,0.00250690108431
1318,0.00168963737648
1319,0.00217306857197
1320,0.00270886882417
1321,0.00342310173347
1322,0.0022326160449
1323,0.0056644430935
1324,0.00308323050089
1325,0.00318616153114
1326,0.0059556373136
1328,0.0076158964526
1329,0.00542062706812
1330,0.00271746337717
1331,0.00356389806367
1332,0.00761617509053
1333,0.00275729103617
1334,0.00347242065329
1335,0.00448759720315
1336,0.00228183062556
1337,0.00448401979141
1338,0.00579924694958
1339,0.00205882351142
1340,0.00198252610452
1341,0.000937870254807
1343,0.00262586342887
1344,0.00365929637782
1345,0.00389773961412
1346,0.00208884588047
1347,0.00274477708066
1348,0.00217374811197
1349,0.0023104870423
1350,0.00410547760355
1351,0.0028697125493
1352,0.00155122852851
1353,0.00331034331191
1354,0.00197153961854
1356,0.00528956419562
1357,0.00149556370496
1358,0.00260901650727
1359,0.00263120853193
1360,0.00313471941199
1361,0.0043818105764
1362,0.00244327874847
1363,0.00210021818418
1364,0.00420774688344
1365,0.00219911076585
1368,0.00149428676884
1369,0.00165698709089
1371,0.00358424863048
1372,0.00187111912859
1373,0.0030821983879
1374,0.00319218345575
1375,0.00183547414397
1376,0.00544937591645
1378,0.00407797676434
1379,0.0023183264241
1380,0.00102168554101
1381,0.00233473677643
1382,0.00409462851824
1383,0.0021318593932
1384,0.00140317454971
1385,0.00397457609255
1386,0.00413544008672
1387,0.00378857286322
1388,0.00224381505576
1389,0.00152857452799
1390,0.00588516130604
1391,0.00144102567312
1392,0.00130766710789
1393,0.00460861958438
1395,0.00300572797619
1396,0.00412794549393
1397,0.0046878256913
1398,0.00191020154937
1399,0.00363553610781
1400,0.00511164969748
1401,0.00240714336391
1402,0.00198225224189
1403,0.00552461880157
1404,0.0018320996638
1405,0.00287478463708
1406,0.00162144940587
1407,0.00270358092688
1408,0.00281972429251
1409,0.00524518734802
1410,0.00205039313593
1411,0.00114105457685
1412,0.00357124679458
1414,0.00374762660499
1415,0.00190826258348
1416,0.00277953812701
1417,0.00492925131314
1418,0.00340199230053
1419,0.00261120390709
1420,0.00221031685829
1421,0.00165775821374
1422,0.00348911521909
1423,0.00449034461779
1424,0.00385446514339
1425,0.00680358916136
1426,0.00176685146665
1427,0.0029041338976
1428,0.0044241228742
1429,0.00429307708326
1431,0.00257387282392
1433,0.00336194357337
1434,0.00549474172149
1435,0.00379523056644
1436,0.00270526144641
1437,0.00427571218413
1438,0.00434184043412
1439,0.00277792169501
1440,0.00177877520506
1441,0.00187744957287
1442,0.00177877911968
1443,0.00542168929901
1444,0.00320135906815
1447,0.00241792791948
1448,0.00553469697537
1449,0.00338069694196
1450,0.00201793800995
1451,0.00279221137653
1452,0.00230899318211
1453,0.0025263136949
1454,0.00332489011182
1455,0.00302498617686
1456,0.00231027686935
1457,0.00199978387757
1458,0.00448392073978
1459,0.00188788127573
1460,0.00302637353171
1461,0.00424772552117
1462,0.00567888600179
1463,0.00293910035912
1464,0.00157739346198
