,pi_i
1102,0.00284441017235
1103,0.00269804194708
1104,0.00470940578624
1105,0.00128248556935
1106,0.00193568469585
1107,0.00140669211862
1108,0.00206955818901
1110,0.00333856114418
1111,0.00252413550859
1112,0.00773328755179
1113,0.00496934792457
1114,0.00269434623755
1115,0.00095794648395
1116,0.00293977263499
1117,0.0025832532844
1119,0.00105828954533
1120,0.00441643570356
1122,0.0030024339191
1123,0.00293090291237
1124,0.00314677843249
1125,0.00289291473721
1126,0.00138264279521
1127,0.00230491400514
1128,0.00207408893013
1129,0.00249623713461
1130,0.00455302837546
1131,0.00355795173499
1132,0.00256358325199
1133,0.00296093940332
1135,0.00295598331867
1137,0.00222476712718
1138,0.00198678910225
1139,0.0047667817675
1140,0.00548552852883
1141,0.00431018303969
1142,0.00256799340037
1143,0.00460055470671
1144,0.00103772296116
1145,0.00243306978108
1147,0.00167228448906
1148,0.00206145221123
1149,0.00185750920916
1150,0.00346375143106
1151,0.00301320825131
1152,0.00156021279072
1153,0.00476025144835
1154,0.00143290354318
1155,0.00312410837675
1156,0.0022179042077
1157,0.00179988008721
1158,0.00328066759267
1159,0.00191175758545
1160,0.00538446035572
1161,0.00347274829791
1162,0.00130800618392
1163,0.00575240790496
1164,0.0019902470235
1165,0.00165647731098
1166,0.00661923931266
1168,0.00217668775021
1169,0.00257751764715
1170,0.00184293874445
1171,0.00170452979329
1172,0.00265522553029
1173,0.00481354845425
1174,0.00288473120258
1175,0.0019713450106
1176,0.00338182789433
1177,0.00383811398526
1178,0.0040734303866
1179,0.00219303821466
1180,0.00346799700054
1181,0.0066476189015
1182,0.00255086060509
1183,0.00273881366755
1184,0.00164850142032
1185,0.00230136100899
1186,0.00354488874605
1187,0.00248574406838
1189,0.00143607431262
1190,0.0028700024391
1191,0.00265356745877
1192,0.00192933001936
1193,0.00300739320452
1194,0.00166997972524
1196,0.00710985318635
1197,0.00188758216776
1198,0.00216840659816
1199,0.00372575501291
1200,0.00168878455859
1201,0.00349570743532
1202,0.00208999346175
1203,0.00363430833957
1204,0.00196106408285
1205,0.00184947893724
1206,0.00326230135338
1207,0.00441509102864
1208,0.0056717790184
1209,0.00209473786862
1210,0.00442395359008
1211,0.00509060044951
1212,0.00140910890934
1214,0.00228642441822
1216,0.00243950124654
1217,0.00221213475994
1218,0.00337634447597
1219,0.00153403223764
1220,0.00199268377159
1221,0.00416775956038
1222,0.00217320614314
1224,0.00215435858546
1225,0.00222031521311
1226,0.00256160247512
1227,0.00414649669062
1228,0.00713962442491
1229,0.0023262228679
1231,0.00524170314454
1232,0.00219755088427
1233,0.00290200412222
1234,0.0034382569652
1235,0.00375970984215
1236,0.00189184175228
1237,0.00303841218991
1238,0.00188010327976
1239,0.00176229573909
1240,0.00261361430278
1241,0.00232498963732
1242,0.0076427472661
1243,0.00420318677167
1245,0.00390643008203
1246,0.00889058017787
1247,0.00288733070706
1248,0.00197159005388
1249,0.00190859641019
1250,0.00208910285928
1251,0.00154977392759
1252,0.00133517264465
1253,0.00133695593288
1254,0.00176097023162
1256,0.00237245249621
1257,0.00682709377729
1258,0.00239566696343
1259,0.00125924463164
1260,0.00343254884781
1261,0.00582507050064
1263,0.00248075557493
1264,0.00418318289317
1265,0.00228903796923
1266,0.00566244632443
1267,0.00283242178945
1268,0.00625422883159
1269,0.00239017775009
1270,0.00228916602878
1271,0.00123885275327
1272,0.00528827392981
1273,0.00259015710833
1274,0.00339233491264
1275,0.00300274153949
1276,0.00393418590679
1277,0.00540447427142
1278,0.00352754870819
1279,0.00412615177032
1280,0.00651687913416
1281,0.00550974508865
1282,0.0018495341394
1283,0.00371099242191
1284,0.00211563009027
1285,0.00242765627229
1286,0.0020447181526
1287,0.00282173071551
1288,0.00116883803649
1289,0.000869877606196
1290,0.00195587456447
1291,0.00161898360527
1292,0.00303227261748
1293,0.00340229749477
1296,0.00333499250677
1298,0.00158630117377
1299,0.000757769366055
1301,0.00458433507562
1304,0.00278086567763
1305,0.00402720232311
1306,0.00135170808464
1307,0.00230507657898
1308,0.00354495155819
1309,0.00267136127283
1310,0.00271569604623
1311,0.00113052740112
1313,0.00159721145021
1314,0.0046613116311
1317,0.00192043050452
1318,0.0024943464632
1319,0.00223572779104
1320,0.00243704916559
1321,0.00268646796237
1322,0.00142830485267
1323,0.00636308832534
1324,0.00228779137702
1325,0.00308811428047
1326,0.00391869220277
1328,0.00652929425493
1329,0.00512742760368
1330,0.00278464983818
1331,0.00286097851461
1332,0.00535908828796
1333,0.00297090713123
1334,0.00268311218755
1335,0.00439572062019
1336,0.00206972427963
1337,0.00271005680667
1338,0.00779766947383
1339,0.00207054272365
1340,0.00161135917429
1341,0.00208502988677
1343,0.00309846851659
1344,0.00456274208105
1345,0.00494401602129
1346,0.00226042154465
1347,0.00142436564421
1348,0.00337704342558
1349,0.00301027693961
1350,0.00368894942893
1351,0.00224212125281
1352,0.00165000099706
1353,0.00330614324997
1354,0.00226264104006
1356,0.00439911356853
1357,0.00143435364088
1358,0.00278308360222
1359,0.00227150979923
1360,0.00344561694757
1361,0.00304238345143
1362,0.00301304437433
1363,0.00169034535682
1364,0.00370314140276
1365,0.0020102666688
1366,0.000900516340744
1368,0.00169905155218
1369,0.00216831271238
1371,0.00403010461684
1372,0.00286449052689
1373,0.00314057794994
1374,0.00312282547412
1375,0.00279334520736
1376,0.00356262759053
1378,0.00312518855712
1379,0.0027933918347
1380,0.00124176351403
1381,0.00167272473399
1382,0.00371400662345
1383,0.00228131890941
1384,0.00200828159169
1385,0.00386372169431
1386,0.00622745110054
1387,0.00369130310363
1388,0.00296098223864
1389,0.0019874019518
1390,0.00524484064278
1391,0.00135667234436
1392,0.00177439879327
1393,0.00585121987779
1394,0.00166108899535
1395,0.00272388834957
1396,0.00396042467976
1397,0.00416445084936
1398,0.000919944295165
1399,0.00341781544541
1400,0.00645474552796
1401,0.003278291359
1402,0.00247177054833
1403,0.00509091703028
1404,0.00191274098551
1405,0.00330958728096
1406,0.00113067009777
1407,0.00393623370741
1408,0.00344294326091
1409,0.00453668634523
1410,0.00140141079305
1411,0.00208337298836
1412,0.00405883084778
1414,0.00308703010333
1415,0.00147755808568
1416,0.00350650198564
1417,0.00325550954501
1418,0.00424204300485
1419,0.00188591864707
1420,0.00152997729954
1421,0.00168770032109
1422,0.00196075591716
1423,0.00502734057317
1424,0.0042269761027
1425,0.00379699477433
1426,0.00234777879639
1427,0.00179584845333
1428,0.00469371470184
1429,0.00362851570056
1431,0.00154237585409
1433,0.00320238365919
1434,0.00364264013968
1435,0.00342002544995
1436,0.00313145667516
1437,0.00456409566971
1438,0.00396917426928
1439,0.00301210481205
1440,0.00153124750011
1441,0.001500735174
1442,0.00141983677267
1443,0.0044036108294
1444,0.00416407550585
1447,0.00310828335641
1448,0.00600400473988
1449,0.00290992258809
1450,0.00221902820641
1451,0.00386434293942
1452,0.00318628360971
1453,0.00235144665727
1454,0.00472775602378
1455,0.00312009864619
1456,0.00186181210371
1457,0.00223006289311
1458,0.00591339993649
1459,0.00222331134992
1460,0.00218342195192
1461,0.00341756769905
1462,0.00652812663087
1463,0.00288593309637
1464,0.00190663989027
