,pi_i
1102,0.00454635374771
1103,0.00289649124629
1104,0.00490756485265
1105,0.00166083888438
1106,0.0020512669365
1107,0.00146615094585
1108,0.00130337840028
1110,0.00291684048948
1111,0.00249361920853
1112,0.00535496998982
1113,0.00272877221633
1114,0.00256883645417
1115,0.000721247090665
1116,0.0032425806319
1117,0.0025361294463
1119,0.00089533100076
1120,0.00380495670897
1122,0.00347439985481
1123,0.00299735482969
1124,0.00194738799225
1125,0.00340297818877
1126,0.00139215788363
1127,0.00211145037078
1128,0.0023256899207
1129,0.00415611701188
1130,0.00498120696498
1131,0.00331941070236
1132,0.00274049227817
1133,0.00286319588814
1135,0.00219497423601
1137,0.00239361172253
1138,0.00340740745589
1139,0.00312718322724
1140,0.00488612809441
1141,0.00184724832836
1142,0.00223669679343
1143,0.00338888523919
1144,0.00105002628857
1145,0.00226002834037
1147,0.00241733378794
1148,0.00231716487147
1149,0.00142943829339
1150,0.00493014730363
1151,0.00289401486864
1152,0.00255288096725
1153,0.00702568849935
1154,0.000933712522548
1155,0.00330119264566
1156,0.00172626185557
1157,0.00201977940422
1158,0.00336084943858
1159,0.00186742333775
1160,0.00381627799791
1161,0.00290897855499
1162,0.00177168365926
1163,0.00807101311244
1164,0.00255458001419
1165,0.00214426967846
1166,0.00398314851072
1168,0.00224564759624
1169,0.00277593161081
1170,0.00222722396663
1171,0.00120613789917
1172,0.0026154756461
1173,0.0042416809927
1174,0.00288942198202
1175,0.00219117894737
1176,0.00242357137289
1177,0.00419937798253
1178,0.00410281360328
1179,0.00261766279625
1180,0.00354178283627
1181,0.0101103259522
1182,0.00288858647565
1183,0.00157201437393
1184,0.00229116431857
1185,0.00214511621577
1186,0.00316909000201
1187,0.00291401509248
1189,0.00193484797921
1190,0.0040599472577
1191,0.00241115244632
1192,0.00234146880473
1193,0.00337174265705
1194,0.00201562984651
1196,0.0057929456737
1197,0.0020268683799
1198,0.00123395839066
1199,0.00588131014432
1200,0.00185878965618
1201,0.00332919483927
1202,0.00262192879288
1203,0.00450114875791
1204,0.0029204353321
1205,0.00179681002362
1206,0.0037720501819
1207,0.00284004723519
1208,0.0042123078467
1209,0.00303273511777
1210,0.00812189216979
1211,0.0076157537145
1212,0.00147077374396
1214,0.00198699754657
1216,0.00166681028873
1217,0.00138761343555
1218,0.00383565469716
1219,0.00205457281589
1220,0.00319155915364
1221,0.00275733287433
1222,0.00213864478165
1224,0.00144965967426
1225,0.00293892841527
1226,0.00187058473635
1227,0.00449815368779
1228,0.00555975329166
1229,0.00269917554259
1231,0.00319213126089
1232,0.00245767012287
1233,0.00230686933352
1234,0.00374865805826
1235,0.00363241192267
1236,0.00172197140116
1237,0.00351795354341
1238,0.00194229637501
1239,0.00163225838303
1240,0.00203209922622
1241,0.00200426805142
1242,0.00516633312473
1243,0.00374115651867
1245,0.00446593894144
1246,0.00695267496337
1247,0.00253416851979
1248,0.00234491576859
1249,0.00157145928596
1250,0.00236779649926
1251,0.00275506852675
1252,0.00135453252402
1253,0.00155697205323
1254,0.00151944047344
1256,0.00326134345858
1257,0.00650590441759
1258,0.00250601859906
1259,0.00120191597729
1260,0.0025338140783
1261,0.00391941172383
1263,0.00250374423854
1264,0.00426071128907
1265,0.00156086386094
1266,0.00328234933246
1267,0.00264221184968
1268,0.00608338720746
1269,0.00245027503504
1270,0.00187748765433
1271,0.0011863415695
1272,0.00483971455236
1273,0.00225361498243
1274,0.00311977891774
1275,0.00322077944227
1276,0.00410623539715
1277,0.00448879358361
1278,0.00305244828435
1279,0.00293411619422
1280,0.00610496910649
1281,0.00424231632877
1282,0.00296780541925
1283,0.00406489745845
1284,0.00294757936789
1285,0.00210409941427
1286,0.00199080689007
1287,0.00221883288479
1288,0.00163847755025
1290,0.00252287721103
1291,0.00195960090885
1292,0.00290060707036
1293,0.00474300134677
1296,0.00226120571724
1298,0.00095572625217
1299,0.000993789233451
1301,0.00683437387623
1304,0.00441209199254
1305,0.00577735725452
1306,0.00200417848534
1307,0.00292461602677
1308,0.00210212825879
1309,0.00276626397868
1310,0.00362433772967
1311,0.00092831431138
1313,0.00152325665884
1314,0.00669140560221
1317,0.00215447840476
1318,0.00253033782471
1319,0.00246335936743
1320,0.00378903677251
1321,0.00330296838661
1322,0.00179267554804
1323,0.0041270921554
1324,0.0028109178272
1325,0.00269414687378
1326,0.00270064435931
1328,0.00389371351774
1329,0.0068027241413
1330,0.00349731825709
1331,0.00274708287167
1332,0.0036206991329
1333,0.00257535673008
1334,0.00411802851558
1335,0.00355807886125
1336,0.00205493330821
1337,0.00349641843425
1338,0.00700900790642
1339,0.00280677704783
1340,0.0023140512762
1341,0.00119579170127
1343,0.00318027236171
1344,0.00514847960213
1345,0.00443838935478
1346,0.00164167464541
1347,0.00163272386175
1348,0.00411784512077
1349,0.00436947977518
1350,0.00522576367405
1351,0.00239196153886
1352,0.00202810181657
1353,0.0034673010257
1354,0.00230158944101
1356,0.00479655213489
1357,0.00179580649145
1358,0.00149744978581
1359,0.00199235750447
1360,0.00184525420854
1361,0.00318965576668
1362,0.00271119565846
1363,0.00199661056535
1364,0.00305628404384
1365,0.00300758851728
1366,0.00101622706511
1368,0.00221794247598
1369,0.00217719389528
1371,0.00484939472221
1372,0.00272503825462
1373,0.00238687674589
1374,0.00300141718919
1375,0.00237995689885
1376,0.00567098329279
1378,0.00216795643326
1379,0.00236601582999
1380,0.00178912525524
1381,0.00184970754531
1382,0.00187578993669
1383,0.00220593829398
1384,0.00199498291669
1385,0.00219205984865
1386,0.0076765336016
1387,0.00383721106968
1388,0.00416555790626
1389,0.00270239878123
1390,0.00682391819046
1391,0.00164842081253
1392,0.00186146914875
1393,0.00439545994203
1394,0.00183819959157
1395,0.00266071196304
1396,0.00329547289887
1397,0.0033739328672
1398,0.00175864441068
1399,0.00202936089513
1400,0.00605693482812
1401,0.00232886709531
1402,0.00164671773511
1403,0.00560663794329
1404,0.00195436783182
1405,0.00365491602214
1406,0.00181620280167
1407,0.00397653421888
1408,0.00199049930408
1409,0.00284714820153
1410,0.00172288342326
1411,0.00170279304316
1412,0.0049440278622
1414,0.00238089118659
1415,0.00240206412696
1416,0.00359613051438
1417,0.00287531803465
1418,0.00384269275094
1419,0.00177066061897
1420,0.00186814683813
1421,0.00146246014677
1422,0.00214960519804
1423,0.00347500751646
1424,0.00388727081069
1425,0.00303073728328
1426,0.00214193835209
1427,0.00205596597286
1428,0.00487068686311
1429,0.00440424099426
1431,0.00461423412768
1433,0.00409891077051
1434,0.00283522045794
1435,0.00558692960538
1436,0.00295516829108
1437,0.00426095128613
1438,0.00390098849635
1439,0.00296684745881
1440,0.00105481664408
1441,0.00192389119413
1442,0.00140025133686
1443,0.00283798790035
1444,0.00581880695268
1447,0.00199512338571
1448,0.00636000712549
1449,0.00449642348686
1450,0.00309002585975
1451,0.0026323601149
1452,0.00313047309106
1453,0.00270499970017
1454,0.00397792100419
1455,0.00443825608798
1456,0.00224369715813
1457,0.0021321983914
1458,0.0067069783797
1459,0.00166458855557
1460,0.00261459892746
1461,0.00318049510459
1462,0.00590735913134
1463,0.00236275938123
1464,0.00211468663723
