,pi_i
1102,0.00404745947613
1103,0.00391226830912
1104,0.00589563157684
1105,0.00186665378437
1106,0.00148161389722
1107,0.00295573234095
1108,0.00097591302569
1110,0.00270931458891
1111,0.00236568405714
1112,0.00647249879174
1113,0.00418975623657
1114,0.00249146013257
1115,0.00106888650379
1116,0.00448986760402
1117,0.00249371358712
1119,0.00106364629581
1120,0.0029285182197
1122,0.00283796012213
1123,0.00322705433032
1124,0.00194549557049
1125,0.00225637219862
1126,0.00164114381869
1127,0.00254316957144
1128,0.00240190376488
1129,0.00238295034438
1130,0.00476408300107
1131,0.00381565406403
1132,0.00300731813732
1133,0.00300785564541
1135,0.00216750948617
1137,0.00387753784977
1138,0.0042012896925
1139,0.00265592606914
1140,0.00251324305345
1141,0.0017673505767
1142,0.00134625421438
1143,0.00269638170798
1144,0.00106294687978
1145,0.00208311369618
1147,0.00125509085584
1148,0.00212259964336
1149,0.00167399746504
1150,0.00407992347622
1151,0.00254693868504
1152,0.00223961436579
1153,0.00594162495876
1154,0.00123654706635
1155,0.00458276515021
1156,0.00193557536407
1157,0.00163812742917
1158,0.00255818040477
1159,0.00202047064673
1160,0.00319098071456
1161,0.00255199492764
1162,0.00205171465466
1163,0.00614184899773
1164,0.00217852905565
1165,0.00217602702465
1166,0.00502677837675
1168,0.00315908384736
1169,0.00380477577447
1170,0.0015294736609
1171,0.00174170993063
1172,0.00267217072951
1173,0.00314203537305
1174,0.00244029049782
1175,0.00278041740344
1176,0.00365226561559
1177,0.00387661868618
1178,0.00320386829778
1179,0.0029088228433
1180,0.00346308554318
1181,0.00835627146395
1182,0.00211472758945
1183,0.0019973258416
1184,0.00277660924304
1185,0.00253670459615
1186,0.00182970300495
1187,0.00210553028685
1189,0.00183574579884
1190,0.00167414127479
1191,0.00264297596239
1192,0.00283887354945
1193,0.00298271617064
1194,0.00188998340797
1196,0.00691876545118
1197,0.00165008800259
1198,0.00231354502787
1199,0.00372606087955
1200,0.00261132099075
1201,0.0025955749886
1202,0.00210100991758
1203,0.00490376569616
1204,0.0025353825848
1205,0.00233165716566
1206,0.0031122825854
1207,0.00375866558134
1208,0.0021348577374
1209,0.00212449239322
1210,0.00608572946279
1211,0.00551606427077
1212,0.0011996437175
1214,0.002322367195
1216,0.00148416186931
1217,0.00226004773076
1218,0.00289072746431
1219,0.00221232183877
1220,0.00369497466904
1221,0.00439760106986
1222,0.00355265142492
1224,0.00128849609609
1225,0.00221577886182
1226,0.0013000150604
1227,0.00277292501825
1228,0.00987509447703
1229,0.00314189889923
1231,0.00390287241527
1232,0.00290045774222
1233,0.00298987235994
1234,0.00555043779587
1235,0.00438757492579
1236,0.00172479992512
1237,0.00281438211145
1238,0.00151215747044
1239,0.00151431776451
1240,0.00162765207047
1241,0.00149562068835
1242,0.00657440220149
1243,0.0035947394263
1245,0.00399130512589
1246,0.00673776483281
1247,0.00237091660623
1248,0.00170063799546
1249,0.0024210197902
1250,0.00245380352035
1251,0.00155534120158
1252,0.00156414662739
1253,0.00220445173859
1254,0.00179083222072
1255,0.00114470702815
1256,0.00276611131292
1257,0.0074718312246
1258,0.00273212698945
1259,0.00156677632656
1260,0.00275928261657
1261,0.0043782468363
1263,0.00246260150187
1264,0.00283494590993
1265,0.00217635880408
1266,0.00332140462699
1267,0.0024061307268
1268,0.00467564710842
1269,0.00253877419956
1270,0.00184202768473
1271,0.000620033387719
1272,0.00454926079028
1273,0.00181821675013
1274,0.00388178369227
1275,0.00407979150499
1276,0.00317867025766
1277,0.00632638629059
1278,0.00473406046008
1279,0.00341733214123
1280,0.00504483580031
1281,0.00378691340951
1282,0.00253518166533
1283,0.00445429230068
1284,0.00235378293222
1285,0.00240279537106
1286,0.00184497779062
1287,0.00129870440523
1288,0.00182931480269
1290,0.00187075599008
1291,0.00149257780333
1292,0.00327712585978
1293,0.00287485616317
1294,0.00140583462833
1296,0.00313952147576
1298,0.00168408089864
1299,0.00149970319464
1301,0.00599625167217
1304,0.00369311249417
1305,0.00387386090882
1306,0.00190228581276
1307,0.00479494524243
1308,0.00176142012541
1309,0.00250921688311
1310,0.00375785222785
1311,0.00114725683541
1313,0.00187635427774
1314,0.0106035997461
1317,0.00199144762556
1318,0.00358884616484
1319,0.00205223427285
1320,0.004641797517
1321,0.00316142107855
1322,0.00281901259228
1323,0.00387983754201
1324,0.00278423164102
1325,0.00404522784739
1326,0.00518044834759
1328,0.0068593304293
1329,0.00722400304079
1330,0.00450215655235
1331,0.00468345170156
1332,0.00312056857542
1333,0.00329488177376
1334,0.00463335754332
1335,0.00394138999423
1336,0.0022205847678
1337,0.00326725162936
1338,0.00492156887766
1339,0.00302105832704
1340,0.00214355242138
1341,0.000893325175183
1343,0.00309289300952
1344,0.00395595759015
1345,0.00293491497963
1346,0.00157758401753
1347,0.00158803703285
1348,0.00207332381335
1349,0.00328059944056
1350,0.00293492801784
1351,0.00304439455948
1352,0.00191016612401
1353,0.00280042425567
1354,0.00291745749572
1356,0.00534065183615
1357,0.00142636376962
1358,0.00257777093581
1359,0.00234574747227
1360,0.00305252947412
1361,0.00244209902856
1362,0.00339877171664
1363,0.00175930821929
1364,0.00247225379955
1365,0.00352765396296
1366,0.000630145457275
1368,0.00290583009051
1369,0.00247487405779
1371,0.00294841260492
1372,0.00168220418483
1373,0.001809336695
1374,0.00269121015636
1375,0.00187650883564
1376,0.00414333358914
1378,0.00313453404695
1379,0.00179742690717
1380,0.00138447871926
1381,0.00184433964833
1382,0.00124789228163
1383,0.00219533819524
1384,0.00199322390332
1385,0.00297581884886
1386,0.00410810684991
1387,0.00271819443943
1388,0.00424602553737
1389,0.00280699348422
1390,0.00427442063743
1391,0.00151017628737
1392,0.00215612083167
1393,0.00634903182827
1394,0.00237484808268
1395,0.00349118841015
1396,0.00385292504153
1397,0.00391657434413
1398,0.00260722315707
1399,0.00258357991112
1400,0.00527449566602
1401,0.0042588718839
1402,0.00168364597971
1403,0.00516575062341
1404,0.00133000408974
1405,0.0035115956257
1406,0.00177622946812
1407,0.00184754778057
1408,0.00174674609903
1409,0.00244050993438
1410,0.0014931822632
1411,0.00127538221584
1412,0.00473710170708
1413,0.00180228965736
1414,0.00254662813959
1415,0.00185629581907
1416,0.00247338834984
1417,0.0038783414343
1418,0.00380732299732
1419,0.0013489900079
1420,0.00190880117576
1421,0.00169562911653
1422,0.00194499706164
1423,0.00297337295631
1424,0.00325157079485
1425,0.00307054096192
1426,0.00163910808015
1427,0.00222527022871
1428,0.00519791365186
1429,0.00594170683453
1430,0.00197995244716
1431,0.00447764500726
1433,0.00372704473545
1434,0.00268789391736
1435,0.00486879299722
1436,0.00505626391765
1437,0.00595548124149
1438,0.00351437550677
1439,0.00328327293981
1440,0.00123916492124
1441,0.00146620063771
1442,0.00213910585804
1443,0.00350422218536
1444,0.00429520164343
1447,0.0022391887349
1448,0.00773885479619
1449,0.00692774014802
1450,0.00363120558132
1451,0.00218715762197
1452,0.00469699073158
1453,0.00244680865457
1454,0.00416688288681
1455,0.00428730338832
1456,0.00164051896945
1457,0.00325474282635
1458,0.00557955102633
1459,0.00188084689558
1460,0.00293354096178
1461,0.00302704739896
1462,0.00384646504662
1463,0.00238042210568
1464,0.00126396915887
