,pi_i
1102,0.00417048793243
1103,0.00377537656675
1104,0.00389458730576
1105,0.00173349788604
1106,0.0019122345271
1107,0.0033423270536
1108,0.00162196607854
1110,0.0020736364096
1111,0.00216741308808
1112,0.00505842825537
1113,0.00264744193743
1114,0.00221508735111
1115,0.00176499091895
1116,0.00539939856142
1117,0.00222106057907
1119,0.0011185046384
1120,0.00297190009636
1122,0.00254913901228
1123,0.00221326478873
1124,0.00154694350064
1125,0.00318145773122
1126,0.00180067234937
1127,0.00245281767496
1128,0.00225367975385
1129,0.00286193682798
1130,0.00585516904511
1131,0.00253412677849
1132,0.00198777642957
1133,0.00515659999502
1135,0.00166487513842
1137,0.00431743334424
1138,0.00313345303918
1139,0.00435869062476
1140,0.003308660584
1141,0.00146785445902
1142,0.00192584228488
1143,0.00435665436737
1144,0.00176052580614
1145,0.00233366593701
1147,0.00130163563436
1148,0.00280620608408
1149,0.00175931424345
1150,0.00364463710066
1151,0.00207410397238
1152,0.00243230632934
1153,0.00455688180644
1154,0.00106409243796
1155,0.00437863892282
1156,0.00175450082982
1157,0.00238247534588
1158,0.00237916483655
1159,0.00181011097223
1160,0.00415994381358
1161,0.00310274463809
1162,0.00161743463553
1163,0.0071420332842
1164,0.00213751402139
1165,0.00207016853539
1166,0.00430926459024
1168,0.00262183507804
1169,0.00179757414294
1170,0.00283910529877
1171,0.00161684766771
1172,0.00310343438263
1173,0.00317570341577
1174,0.00241736523867
1175,0.00294519616119
1176,0.00292986681435
1177,0.00323203562191
1178,0.00268826849209
1179,0.0029488123513
1180,0.00380671622841
1181,0.00912640707049
1182,0.0014888080688
1183,0.00145959930743
1184,0.00198333058609
1185,0.00183468920164
1186,0.0028253600083
1187,0.00183811346381
1189,0.00198558672924
1190,0.00232773001749
1191,0.0024874253132
1192,0.00278511146209
1193,0.00216754999819
1194,0.00210248139968
1196,0.00714648758575
1197,0.00174177447542
1198,0.00176161013658
1199,0.00477476367326
1200,0.00343122149447
1201,0.00295816008958
1202,0.00196710157802
1203,0.00457795965904
1204,0.00250579238413
1205,0.00230464213803
1206,0.00517415830136
1207,0.00549026351974
1208,0.0033456762844
1209,0.00215249856778
1210,0.0034544270652
1211,0.00476617930643
1212,0.00149098739816
1214,0.00213205248909
1216,0.00211681248083
1217,0.00207442880612
1218,0.00335723227382
1219,0.00227772048873
1220,0.00430714499135
1221,0.00348213696633
1222,0.0039717773838
1224,0.00156729500487
1225,0.00173036764405
1226,0.0021842289601
1227,0.00285999222994
1228,0.00643597024413
1229,0.00246068037396
1231,0.00471960559341
1232,0.00256583241014
1233,0.00456366726329
1234,0.00594787214769
1235,0.0037818065801
1236,0.00177809850202
1237,0.00254603116379
1238,0.00212383415437
1239,0.00117367202758
1240,0.00215352277211
1241,0.0014323410385
1242,0.00667970213739
1243,0.00376808469589
1244,0.00149846158622
1245,0.00445743990701
1246,0.00509279202605
1247,0.00335393513295
1248,0.00152044632406
1249,0.00231379972167
1250,0.0024581910769
1251,0.00128775578014
1252,0.00304924907564
1253,0.00286906298062
1254,0.0017682452102
1255,0.00152004690148
1256,0.00399680140117
1257,0.00439073827775
1258,0.00303685394957
1259,0.00247067923146
1260,0.00287545596711
1261,0.00592582701177
1263,0.00156853129611
1264,0.00306986762786
1265,0.0035448839683
1266,0.00461310718826
1267,0.00216625911276
1268,0.00442770213066
1269,0.00335316627996
1270,0.00207680916685
1271,0.00129950146136
1272,0.00714172256658
1273,0.00134775397962
1274,0.00455877124102
1275,0.00333223898255
1276,0.00430678734823
1277,0.00538717824344
1278,0.00366672443719
1279,0.00274091534044
1280,0.00318785636266
1281,0.00257085352197
1282,0.00178300009147
1283,0.00506708222242
1284,0.00305200173651
1285,0.00356471256835
1286,0.00210370242397
1287,0.00105996493225
1288,0.000903441963901
1290,0.00134981965466
1291,0.00220449656803
1292,0.00261856698623
1293,0.00361176745155
1294,0.00149695986965
1295,0.00241700285453
1296,0.00297016299733
1298,0.00144451541008
1299,0.00142202176673
1301,0.00518243220897
1304,0.00345072010961
1305,0.00513646560119
1306,0.00195557997129
1307,0.0032446195889
1308,0.00318404035782
1309,0.00208145828852
1310,0.00254413539582
1311,0.00134673978217
1313,0.00204289529314
1314,0.00636684208574
1316,0.00126295773402
1317,0.00205688063848
1318,0.00349500707127
1319,0.00275837640888
1320,0.00513907136962
1321,0.00319516358038
1322,0.00390972240311
1323,0.00448860696333
1324,0.00184549963606
1325,0.00327579869172
1326,0.00605122670829
1328,0.0043731952059
1329,0.0046093241024
1330,0.00406734082949
1331,0.00371875268196
1332,0.00420775891439
1333,0.0028928797784
1334,0.00404624987948
1335,0.00335442557168
1336,0.00310964497967
1337,0.00215184351012
1338,0.00616697295136
1339,0.00221903963108
1340,0.00247468300266
1341,0.000944143983158
1343,0.00186509365782
1344,0.00332242640696
1345,0.00261092719662
1346,0.00196850346742
1347,0.00215025400473
1348,0.00257091794826
1349,0.00199484154322
1350,0.00213816998977
1351,0.00217344912589
1352,0.00207989829173
1353,0.00380784831596
1354,0.00196074423586
1355,0.00162850059252
1356,0.00491173048326
1357,0.00219652972104
1358,0.00251678576996
1359,0.00287160856439
1360,0.00342060702218
1361,0.00427322524316
1362,0.00256727280657
1363,0.00255086342926
1364,0.00256095438826
1365,0.00249075831136
1366,0.000626334532573
1368,0.0021871004781
1369,0.00141402230778
1371,0.00370402700806
1372,0.00242716096455
1373,0.00305524021251
1374,0.00247052023917
1375,0.00387275586882
1376,0.00494930997409
1378,0.00265169244751
1379,0.00174531161517
1380,0.00275364692285
1381,0.00216314648033
1382,0.0019572435122
1383,0.00193875975879
1384,0.00134244181009
1385,0.00299510285587
1386,0.00493214681857
1387,0.00324939906198
1388,0.00311659140588
1389,0.00317358739728
1390,0.00350905754933
1391,0.00222054669964
1392,0.0016532791992
1393,0.00493401491565
1394,0.00294625312464
1395,0.00206778120482
1396,0.00428223778122
1397,0.00518471246916
1398,0.00231256097779
1399,0.00241239064837
1400,0.00786969364523
1401,0.00448352866979
1402,0.00124113915851
1403,0.00345049023081
1404,0.00195615754184
1405,0.00342074224665
1406,0.00201848692012
1407,0.00250888277989
1408,0.00211088500505
1409,0.00215633593796
1410,0.00129724135755
1411,0.00131607159812
1412,0.00445852578718
1413,0.00162146118158
1414,0.00282876958362
1415,0.00140569888228
1416,0.00229666083572
1417,0.0062233778841
1418,0.00304356415853
1419,0.00158010724645
1420,0.0020737827206
1421,0.00152804522758
1422,0.00188646144571
1423,0.0051962452025
1424,0.00364758454844
1425,0.00336448398077
1426,0.00240242407998
1427,0.00209120470819
1428,0.00278520014712
1429,0.00426202577572
1430,0.00211346765969
1431,0.00349593026372
1433,0.00343029730004
1434,0.00285291382339
1435,0.00396019822544
1436,0.00268227518271
1437,0.006852246008
1438,0.00379519284315
1439,0.00414457338025
1440,0.0012246575816
1441,0.00194923646382
1442,0.00155992039397
1443,0.00388562057838
1444,0.00213410669986
1447,0.00209015998308
1448,0.00438250804401
1449,0.00535708486664
1450,0.00341592595112
1451,0.00185064788699
1452,0.0051100806451
1453,0.00243742099531
1454,0.00403086405947
1455,0.00492928900439
1456,0.00216119063196
1457,0.00418240108563
1458,0.00498744765944
1459,0.00198163270506
1460,0.00247701528863
1461,0.00295979678914
1462,0.00454856316087
1463,0.00214380402671
1464,0.00203852064773
