,pi_i
1102,0.00487179816478
1103,0.00525316792055
1104,0.00419447568357
1105,0.000911393238408
1106,0.00129947444126
1107,0.00322866658
1108,0.00104416946497
1110,0.00274951182728
1111,0.00393875973866
1112,0.00522700463165
1113,0.00272446848587
1114,0.00187422074539
1115,0.00142723966753
1116,0.00537843327539
1117,0.00236384902076
1119,0.00192086506517
1120,0.00334400882677
1122,0.0025503195246
1123,0.00240374775879
1124,0.00318163078807
1125,0.00329477320234
1126,0.00105060011272
1127,0.00205023778442
1129,0.00336091548141
1130,0.00472271566451
1131,0.00234942224266
1132,0.00211709971568
1133,0.00468574333625
1135,0.00216465343981
1137,0.00370404142713
1138,0.00240437990403
1139,0.00525419266704
1140,0.00486258825074
1141,0.00229759771897
1142,0.00249062905919
1143,0.00413911473456
1144,0.00175800060644
1145,0.00205138567379
1146,0.00157173806366
1147,0.00192773013492
1148,0.00259741209337
1149,0.00136997902785
1150,0.00257447531478
1151,0.00219957208452
1152,0.00228060789278
1153,0.00271921101476
1154,0.00132398318079
1155,0.00520757494329
1156,0.0020146553269
1157,0.00193337917855
1158,0.00346556727466
1159,0.00167001380217
1160,0.00172176986391
1161,0.00294661409219
1162,0.0018766867834
1163,0.00420578058028
1164,0.00167355738908
1165,0.00214044907698
1166,0.00547726781167
1168,0.00249999714064
1169,0.0020883547382
1170,0.00144335330671
1171,0.00137078390637
1172,0.00459357027094
1173,0.00302772848938
1174,0.0017256224265
1175,0.00259254340829
1176,0.00116003808453
1177,0.00419876048808
1178,0.00271282472697
1179,0.00326558555871
1180,0.00418395693517
1181,0.00605519233484
1182,0.00206834168074
1183,0.00153618089272
1184,0.00249272519711
1185,0.00218726525515
1186,0.00226830789702
1187,0.00149341947059
1189,0.00166449672942
1190,0.00266320284837
1191,0.00366556255395
1192,0.00191655083208
1193,0.00243217922741
1194,0.00193186745503
1196,0.00830722796732
1197,0.00202523520285
1198,0.00154400881254
1199,0.00505847516699
1200,0.00280534209959
1201,0.00354810831663
1202,0.00243916367272
1203,0.0036249104831
1204,0.00231482147461
1205,0.00153289825627
1206,0.00391343898548
1207,0.00665505320751
1208,0.00445387872774
1209,0.0019311492191
1210,0.00559439477389
1211,0.00530540096169
1212,0.000999024075276
1214,0.00201597829704
1216,0.00217123137283
1217,0.00175425350096
1218,0.00400304848886
1219,0.00261911909406
1220,0.00346350893446
1221,0.0038505575621
1222,0.00374668171927
1224,0.00137888526398
1225,0.00160790828905
1226,0.00272591024408
1227,0.00291006339357
1228,0.00513497459679
1229,0.00354310780599
1231,0.00544901065426
1232,0.0029687589683
1233,0.0014569736585
1234,0.00385531414262
1235,0.00281498777437
1236,0.00163089551846
1237,0.00222727100844
1238,0.00204609945692
1239,0.00175560291497
1240,0.00154688315054
1241,0.00172160057184
1242,0.00811683047329
1243,0.00487214521605
1244,0.00186470227156
1245,0.00406021544384
1246,0.00568055465157
1247,0.00189221000418
1248,0.00139687496551
1249,0.00210697881532
1250,0.00207407209098
1251,0.00213861165283
1252,0.00249964955866
1253,0.00347432288255
1254,0.001464839151
1255,0.00136941152002
1256,0.00241065016449
1257,0.00487574904323
1258,0.00215134480136
1259,0.0026795598643
1260,0.00350615553426
1261,0.00456610069432
1263,0.00184256309827
1264,0.00200416335058
1265,0.00333996314818
1266,0.0049841513354
1267,0.00261657890153
1268,0.00627621440211
1269,0.00443194581499
1270,0.00182119205169
1271,0.00101530120861
1272,0.00726297963591
1273,0.00148227717133
1274,0.00345187710635
1275,0.00375966341388
1276,0.00433501441782
1277,0.00561945165166
1278,0.00255457973712
1279,0.00437899749035
1280,0.00518812652107
1281,0.0039966646016
1282,0.00210006264203
1283,0.0053270660106
1284,0.00198828375596
1285,0.00238146807719
1286,0.00162910784934
1287,0.00170148579125
1288,0.00175176171962
1290,0.00195129741905
1291,0.00216358277867
1292,0.00231099849829
1293,0.00202702629576
1294,0.00129897158744
1295,0.00285516469568
1296,0.00203450235907
1298,0.00192331375747
1299,0.00190041073254
1301,0.00400051380056
1304,0.00334744605995
1305,0.00497070439869
1306,0.00173027091524
1307,0.00296300403602
1308,0.00382949082396
1309,0.00204115795474
1310,0.00269816543729
1311,0.00164853704255
1312,0.00107264352099
1313,0.00133044751071
1314,0.0100078914308
1316,0.000967636934716
1317,0.00263454708338
1318,0.00254672314095
1319,0.00244839107205
1320,0.00411422793698
1321,0.002633898503
1322,0.0027257405886
1323,0.0057682034686
1324,0.00319871188672
1325,0.00336338448877
1326,0.00736102410283
1328,0.00423735249926
1329,0.00426905994463
1330,0.00458775779401
1331,0.00408604184358
1332,0.00594458283198
1333,0.00234688941326
1334,0.00235523035718
1335,0.00317848677171
1336,0.00271551638357
1337,0.0021901231035
1338,0.00614644515493
1339,0.00191503090956
1340,0.00246342065218
1341,0.000968126681732
1343,0.00180449153767
1344,0.00377958872293
1345,0.00499243800631
1346,0.00186203608638
1347,0.00168219276701
1348,0.00292548327647
1349,0.00236225154122
1350,0.0018555706493
1351,0.00202011185672
1352,0.00208041560941
1353,0.00190765771874
1354,0.00171705273585
1355,0.00140391537075
1356,0.00569281768608
1357,0.00267459455316
1358,0.00288623521956
1359,0.00230239348872
1360,0.00271164025753
1361,0.00347586265
1362,0.0027322461041
1363,0.00214440477099
1364,0.00264611839638
1365,0.00366228897123
1366,0.00117155239917
1368,0.00198394019921
1369,0.00154127894779
1371,0.0028337992832
1372,0.00201658311529
1373,0.00299815602756
1374,0.00240518140136
1375,0.00260214674601
1376,0.00300832812868
1378,0.00256107899414
1379,0.00269689319673
1380,0.00140254280975
1381,0.00236867628169
1382,0.00148099913851
1383,0.00181627088798
1384,0.00142563275591
1385,0.00269835161217
1386,0.00351399546123
1387,0.00338757732511
1388,0.00317112392584
1389,0.00154500875346
1390,0.00408708356145
1391,0.00155905499517
1392,0.00180548238145
1393,0.00479883660344
1394,0.00348814577178
1395,0.00220886190372
1396,0.00303910711797
1397,0.00518594543404
1398,0.00181703998511
1399,0.00267765092693
1400,0.00590865986216
1401,0.00701156698804
1402,0.00117116516764
1403,0.00429377015019
1404,0.00152613447535
1405,0.00346083966115
1406,0.00295374161819
1407,0.00203213361423
1408,0.00256313630236
1409,0.00305816756432
1410,0.00159537593935
1411,0.00118245473725
1412,0.00332723947155
1413,0.00134717018331
1414,0.00280217360961
1415,0.00148627425837
1416,0.00307054407847
1417,0.00650305480107
1418,0.0017781456674
1419,0.00183934281325
1420,0.00200229280401
1421,0.00195361330111
1422,0.00264971383154
1423,0.00209128561039
1424,0.00492252299321
1425,0.00500910216552
1426,0.00169110938496
1427,0.00123149446139
1428,0.00280169422351
1429,0.00406132845307
1430,0.00307817110495
1431,0.00303391163972
1433,0.00489072728642
1434,0.00279886928781
1435,0.00418566205675
1436,0.0034065519703
1437,0.00548739440856
1438,0.00441205569109
1439,0.00542235674333
1440,0.00209968592648
1441,0.00192602161357
1442,0.00139521837279
1443,0.00346445357615
1444,0.00323563287264
1445,0.00107350432779
1447,0.00163071429977
1448,0.00325902590358
1449,0.00418513074067
1450,0.00533024734706
1451,0.00232883413469
1452,0.00457197144498
1453,0.00298298256624
1454,0.00233287567344
1455,0.00419625285406
1456,0.00239707356629
1457,0.00488156607745
1458,0.00690127513301
1459,0.0018632700653
1460,0.00352682845197
1461,0.00296035405493
1462,0.0052999455823
1463,0.00217065735996
1464,0.00238049087663
