,pi_i
1102,0.00250748602637
1103,0.00413256582726
1104,0.00372300390877
1105,0.00121309361998
1106,0.00198674136231
1107,0.00249295659206
1108,0.00100253759878
1110,0.0029370574052
1111,0.00285395674115
1112,0.00539244368707
1113,0.00422118941943
1114,0.00216773841266
1115,0.0013402205911
1116,0.00475201208707
1117,0.00174820028029
1119,0.00190175688614
1120,0.00262337741377
1122,0.00308197260386
1123,0.00213531069506
1124,0.0044157759436
1125,0.00318837834606
1126,0.00142235544597
1127,0.00213057151351
1129,0.00323140981252
1130,0.00315565298711
1131,0.00223096702818
1132,0.00224883235587
1133,0.00362827031611
1135,0.00262336192135
1137,0.00225045862384
1138,0.00220489137247
1139,0.00530837858603
1140,0.00538201799459
1141,0.00250027158586
1142,0.00181545617832
1143,0.00403591813601
1144,0.00165668867102
1145,0.0014797227452
1146,0.00154419326841
1147,0.00182890272594
1148,0.00228925128508
1149,0.00126312369903
1150,0.00408186686977
1151,0.00241258721082
1152,0.00157262196369
1153,0.00325458416961
1154,0.0010452579733
1155,0.00599308675746
1156,0.00347275519654
1157,0.00152235931584
1158,0.00279344733282
1159,0.002470319509
1160,0.00308649266357
1161,0.00190780985863
1162,0.00181038928919
1163,0.00548148101547
1164,0.00184648569402
1165,0.00273528798604
1166,0.00415042504756
1167,0.00136501538203
1168,0.00387027772942
1169,0.00302041941374
1170,0.00106841420598
1171,0.00133630539606
1172,0.00554996505325
1173,0.00399255489369
1174,0.00236516555863
1175,0.0017479509125
1176,0.00200026528783
1177,0.00299297724972
1178,0.00192471505432
1179,0.00549317431948
1180,0.00204616351205
1181,0.00792608147175
1182,0.0040289201606
1183,0.00135372129519
1184,0.00170236582274
1185,0.00258442391899
1186,0.00183476258618
1187,0.00162330740833
1189,0.00240227152721
1190,0.00260009142586
1191,0.00212752575313
1192,0.00143713960599
1193,0.00228969014978
1194,0.00220559465646
1195,0.00164295779109
1196,0.00428886494411
1197,0.00148990702739
1198,0.00164559124648
1199,0.00437445252101
1200,0.00245995241674
1201,0.00242568107455
1202,0.00156530186348
1203,0.00219444638647
1204,0.00283691469814
1205,0.00255960480707
1206,0.00413590952335
1207,0.00637224891757
1208,0.00355355537843
1209,0.00196163620977
1210,0.00452096233199
1211,0.00566107528658
1212,0.000845412685563
1214,0.00246899614737
1216,0.00223586689077
1217,0.00169504367024
1218,0.00189685994501
1219,0.00227853652066
1220,0.00214401574068
1221,0.00258022540538
1222,0.00377776242246
1223,0.000447301073391
1224,0.00117877744749
1225,0.00150139534573
1226,0.00157819792561
1227,0.0034860739259
1228,0.00465087642149
1229,0.00436628291312
1231,0.00526182778311
1232,0.00285244981889
1233,0.00231845356892
1234,0.00288207965469
1235,0.00294437671481
1236,0.00225452107633
1237,0.00411149678531
1238,0.00162022236294
1239,0.00224584347579
1240,0.0012233800514
1241,0.00220908278433
1242,0.00973155746691
1243,0.00499945451907
1244,0.00143968235668
1245,0.00481069181388
1246,0.00349543494567
1247,0.00293673821218
1248,0.00240592032321
1249,0.00232310812255
1250,0.00188473732689
1251,0.00232606551952
1252,0.00240656214167
1253,0.00153774536402
1254,0.00214759149743
1255,0.00121280773871
1256,0.00125269699844
1257,0.00608941283681
1258,0.00121102803789
1259,0.00284456578787
1260,0.00226676997705
1261,0.00294089105671
1263,0.00131003348156
1264,0.00205202396522
1265,0.00295725722481
1266,0.00603364758383
1267,0.00251082903578
1268,0.00412305803447
1269,0.00424820058662
1270,0.001771195175
1271,0.00106369828824
1272,0.00820123156097
1273,0.00181592786916
1274,0.00446243672117
1275,0.00412447070194
1276,0.0029362115971
1277,0.00573007334386
1278,0.00426741634196
1279,0.00426294405654
1280,0.00464820698682
1281,0.00438232713769
1282,0.00204528352971
1283,0.00369202298425
1284,0.00160602512437
1285,0.00235272317479
1286,0.00205065776138
1287,0.0016256995913
1288,0.00281754182896
1290,0.00143489339268
1291,0.00270794924886
1292,0.00240730110846
1293,0.00220276691308
1294,0.00195957571847
1295,0.00278511166015
1296,0.00166957393464
1298,0.00230469828146
1299,0.0015440595789
1300,0.000893083205452
1301,0.00313213276129
1304,0.00427387412258
1305,0.00335434961132
1306,0.00169641526442
1307,0.00503339380237
1308,0.00374163490192
1309,0.00239765044215
1310,0.00290732392621
1311,0.00210966693955
1312,0.000732557367228
1313,0.00183744524544
1314,0.00899714837261
1316,0.00105576777111
1317,0.00266828718915
1318,0.00295746535986
1319,0.00274621422566
1320,0.0031739843899
1321,0.00219225671613
1322,0.00178813250214
1323,0.00513588430659
1324,0.00287699477821
1325,0.00356323656224
1326,0.00475011175432
1328,0.00470439585351
1329,0.00394421196961
1330,0.00323412048049
1331,0.00417793224758
1332,0.00466122497695
1333,0.00187913811927
1334,0.00290129565242
1335,0.00157094343901
1336,0.00282486574453
1337,0.00212920599715
1338,0.00611646135524
1339,0.00181953420615
1340,0.00329313032334
1341,0.00113032644976
1342,0.00177693441447
1343,0.00144795478528
1344,0.00359091973453
1345,0.00492391617546
1346,0.00200677170155
1347,0.00146029221972
1348,0.00419324340023
1349,0.00150335004314
1350,0.00271962084783
1351,0.00344735281359
1352,0.00320407568371
1353,0.00228829174624
1354,0.00153483754911
1355,0.00168163179561
1356,0.00398600268654
1357,0.00236553431829
1358,0.00273112172364
1359,0.00159861028535
1360,0.00328735114969
1361,0.00377413618863
1362,0.0019940706708
1363,0.00198189412858
1364,0.00316800816034
1365,0.00259996175435
1366,0.00133682903298
1367,0.00160837974169
1368,0.00204184388082
1369,0.00156205425644
1371,0.00327121444642
1372,0.0032147552029
1373,0.00346521625862
1374,0.00157201449994
1375,0.0039455644782
1376,0.00326950959233
1378,0.00318588559809
1379,0.00306784483312
1380,0.00134856487952
1381,0.00212690695474
1382,0.00217778196785
1383,0.00152492138063
1384,0.0013917161665
1385,0.00270115128864
1386,0.00491037407553
1387,0.00287467633743
1388,0.00453631005278
1389,0.00176959527509
1390,0.00617797719375
1391,0.0018372983478
1392,0.0016282017987
1393,0.00438803591559
1394,0.00181968186458
1395,0.00249207240369
1396,0.00437154886677
1397,0.00648208662361
1398,0.00223927144339
1399,0.00204267679926
1400,0.00655694595014
1401,0.00540395241753
1402,0.00167281307276
1403,0.0034735544272
1404,0.00211177250429
1405,0.0022162280513
1406,0.00208920804666
1407,0.00186221063872
1408,0.00255456257649
1409,0.00380873151204
1410,0.00181517214291
1411,0.00127585423397
1412,0.00406603658945
1413,0.00146339837189
1414,0.00296065849617
1415,0.0016301948126
1416,0.00332085713299
1417,0.00800610454555
1418,0.00226220729023
1419,0.00184013653839
1420,0.00323204074871
1421,0.00258852102705
1422,0.00339160207931
1423,0.00286902448797
1424,0.0043424431673
1425,0.00539074421021
1426,0.00242824303845
1427,0.00161635225328
1428,0.00396122567258
1429,0.00332665488859
1430,0.00207005951458
1431,0.00342485814023
1433,0.00415356579013
1434,0.00334627126772
1435,0.00444077471732
1436,0.00258725383018
1437,0.00428747934386
1438,0.00350827611515
1439,0.00459106270152
1440,0.00163896258142
1441,0.00193584303981
1442,0.00183529533415
1443,0.00443464915768
1444,0.00385693801828
1445,0.00128016632369
1447,0.0021340689216
1448,0.00385772321161
1449,0.00403362867285
1450,0.00607856110997
1451,0.0022695256669
1452,0.00602453399179
1453,0.00279600496975
1454,0.00235530204473
1455,0.00287749637514
1456,0.00259415230786
1457,0.00357922157735
1458,0.00671422244107
1459,0.00210340459894
1460,0.00319916365471
1461,0.00216133617634
1462,0.00657695207264
1463,0.00193715317389
1464,0.00203905261173
