,pi_i
1102,0.00202990036304
1103,0.00384069748055
1104,0.00300260580194
1105,0.000986135642469
1106,0.00246489531196
1107,0.00223105861549
1108,0.000900256923268
1110,0.00296123839578
1111,0.00188636369857
1112,0.00461558512
1113,0.0060392525333
1114,0.00274525488167
1115,0.00155289711703
1116,0.00277424045458
1117,0.00210971869033
1119,0.00171205123359
1120,0.0039987775539
1122,0.00250038163296
1123,0.00217073586692
1124,0.00451440348489
1125,0.00312646420594
1126,0.00181184806183
1127,0.00253284433374
1129,0.00253910159873
1130,0.00434021427075
1131,0.00243617543818
1132,0.00284550226756
1133,0.00307177927791
1135,0.00151721275425
1136,0.00130440379192
1137,0.00162659713395
1138,0.00329878543489
1139,0.00457660309835
1140,0.00547662813211
1141,0.00207608562455
1142,0.00172758170361
1143,0.00491352585864
1144,0.00183632242878
1145,0.00219947477955
1146,0.00115636274491
1147,0.00219551044029
1148,0.00192729396452
1149,0.00132471453012
1150,0.00271251754719
1151,0.00238301661814
1152,0.00214097466693
1153,0.00364310003499
1154,0.00234320546611
1155,0.00549524246235
1156,0.00431041433284
1157,0.00167063855252
1158,0.00307570089561
1159,0.00155173541397
1160,0.00237375936432
1161,0.00230299950534
1162,0.0016278296275
1163,0.00689681986644
1164,0.00210605391974
1165,0.00305166086855
1166,0.00434157484978
1167,0.00169914827503
1168,0.0025003991325
1169,0.00308042285108
1170,0.00115388946327
1171,0.00127005100896
1172,0.00453855892359
1173,0.00395069441292
1174,0.00234778211399
1175,0.00157384142387
1176,0.00230569506943
1177,0.00248567931941
1178,0.00193020442663
1179,0.00280869057735
1180,0.00261492810878
1181,0.00737039849254
1182,0.00381693732558
1183,0.00187039115802
1184,0.00260952762792
1185,0.0015820410646
1186,0.00199017327253
1187,0.00198584015975
1188,0.00108302698174
1189,0.00165769890657
1190,0.0034833673603
1191,0.00280677767873
1192,0.00129736335979
1193,0.00265561496203
1194,0.00197504314286
1195,0.0015356707029
1196,0.00484060143148
1197,0.00141066287487
1198,0.00187090846278
1199,0.00503031374043
1200,0.0011576240443
1201,0.00255135764836
1202,0.00123475333027
1203,0.00224280262173
1204,0.00149083337357
1205,0.00211107618737
1206,0.00371399997169
1207,0.00454925151074
1208,0.00226746243489
1209,0.00208514832018
1210,0.00323956704238
1211,0.00674429024907
1212,0.000971521888245
1214,0.002014717591
1216,0.00171057802918
1217,0.00184904264452
1218,0.00209377634679
1219,0.00143635757209
1220,0.0024866165764
1221,0.00254052905795
1222,0.00416642645568
1223,0.00123961751404
1224,0.00132151086798
1225,0.0026136877334
1226,0.00248350696354
1227,0.00299605985187
1228,0.00530341549498
1229,0.00439627612757
1231,0.00207385283793
1232,0.00233724157857
1233,0.00262061898356
1234,0.00346508030996
1235,0.00296171394606
1236,0.00222175241524
1237,0.00238528238323
1238,0.00237765242917
1239,0.00311219718353
1240,0.00188343052084
1241,0.00298449066904
1242,0.00626515572578
1243,0.00452358444963
1244,0.00111885642304
1245,0.00305678752126
1246,0.00475659209502
1247,0.00309502137082
1248,0.00144376173824
1249,0.00199144543168
1250,0.00184916798845
1251,0.00250989902277
1252,0.00258433085172
1253,0.00263239792599
1254,0.00207095683737
1255,0.00137499496841
1256,0.00276056505335
1257,0.00677726900705
1258,0.00137437196439
1259,0.00228560713905
1260,0.00212494682724
1261,0.00444539129323
1263,0.00158887939634
1264,0.00224836638365
1265,0.00218249478428
1266,0.00551123126447
1267,0.00248336253637
1268,0.00426966108017
1269,0.0026886335698
1270,0.0020652905281
1271,0.0010772244208
1272,0.0079042909207
1273,0.0022877046711
1274,0.00414322102251
1275,0.00356986682358
1276,0.00439581796537
1277,0.00571404705009
1278,0.00425827669114
1279,0.00325757325051
1280,0.00419896946615
1281,0.00678387588587
1282,0.00191931707531
1283,0.00237015534986
1284,0.00146275163112
1285,0.00235115727168
1286,0.0022817459765
1287,0.00292681733354
1288,0.00312106666406
1290,0.00143730428926
1291,0.00322409643879
1292,0.00264790500892
1293,0.00289335445965
1294,0.00246117042814
1295,0.00443726515539
1296,0.00161739279221
1298,0.00229766821726
1299,0.00170186222732
1300,0.000855090232173
1301,0.00357320439089
1304,0.00373091081469
1305,0.00322500755329
1306,0.00177908592759
1307,0.00453833903374
1308,0.00305919685853
1309,0.00165607344065
1310,0.00451459879533
1311,0.00249626254592
1312,0.000805097041434
1313,0.00171556267033
1314,0.00797909688413
1315,0.000822645462569
1316,0.00111793877861
1317,0.00266340316641
1318,0.00317575784192
1319,0.00188216779158
1320,0.0037478163252
1321,0.00371230255444
1322,0.00120964774029
1323,0.00453291326707
1324,0.00375694024707
1325,0.00283581145851
1326,0.00450536265958
1328,0.00609029945748
1329,0.0050052926034
1330,0.00309836486684
1331,0.00369586862048
1332,0.00248440880101
1333,0.00271442803171
1334,0.00308128090781
1335,0.00175498061061
1336,0.00386698181052
1337,0.00151544765322
1338,0.00727515997463
1339,0.00324014485291
1340,0.00355853049463
1341,0.00176900207189
1342,0.00195011766532
1343,0.00167262764771
1344,0.00361802210087
1345,0.00591480647759
1346,0.00195289052771
1347,0.00248926179696
1348,0.00440473928641
1349,0.00210307529187
1350,0.00328688048945
1351,0.00260564683546
1352,0.00319835896667
1353,0.00268222737384
1354,0.001664009709
1355,0.00249243708913
1356,0.00256932018287
1357,0.00258490115919
1358,0.00268580896487
1359,0.0020358613485
1360,0.00261052595826
1361,0.0045309900298
1362,0.00203121346733
1363,0.00218756777206
1364,0.00254572867609
1365,0.00288271188204
1366,0.00126164292813
1367,0.00164862492945
1368,0.00214996725726
1369,0.00117871194983
1370,0.00203796281091
1371,0.003450955346
1372,0.00311841204801
1373,0.00435713204624
1374,0.0021163734726
1375,0.00253386744253
1376,0.00379045771982
1377,0.000977773675421
1378,0.00287061983552
1379,0.00262249189377
1380,0.00130537691696
1381,0.00230470773574
1382,0.00232998136683
1383,0.00172464072643
1384,0.00135657065825
1385,0.00289077484314
1386,0.00331239568367
1387,0.00271278557978
1388,0.00405689097554
1389,0.00190438975384
1390,0.0041430274647
1391,0.00184723599027
1392,0.00223710921826
1393,0.00611029884099
1394,0.0027081146126
1395,0.00278236757442
1396,0.00487578110703
1397,0.00510572917219
1398,0.00173104038293
1399,0.00201092246489
1400,0.00524074695799
1401,0.00426396687219
1402,0.00208616818024
1403,0.0032687851175
1404,0.00285461335331
1405,0.00176962304847
1406,0.00224875607234
1407,0.00232448120732
1408,0.00243797480919
1409,0.00421496704264
1410,0.0011525597788
1411,0.0016010300811
1412,0.00455894581766
1413,0.00238087144473
1414,0.00223358937961
1415,0.00214638475048
1416,0.00277869420183
1417,0.00659211819005
1418,0.00183530694183
1419,0.00156393389383
1420,0.00201799484386
1421,0.00176419417633
1422,0.00130285854894
1423,0.00152378556582
1424,0.00395204960196
1425,0.00504871631298
1426,0.00277168779387
1427,0.00245766862951
1428,0.00513574861899
1429,0.00462020548937
1430,0.00203427281407
1431,0.00369024358903
1433,0.00442110276691
1434,0.00214797115853
1435,0.00358899466287
1436,0.00346330321486
1437,0.00580239853329
1438,0.00284032256638
1439,0.00421863768568
1440,0.00261210591742
1441,0.00208273267798
1442,0.0017120945274
1443,0.0033845875138
1444,0.00211958526423
1445,0.00109447104603
1447,0.00181314481184
1448,0.00552278043385
1449,0.00578001079226
1450,0.00434735413696
1451,0.00307083708519
1452,0.00686235633214
1453,0.00400768179235
1454,0.00263637673376
1455,0.00301163266313
1456,0.0019599000882
1457,0.00171824310371
1458,0.00453777931943
1459,0.00210206232807
1460,0.00362538915323
1461,0.00271578249776
1462,0.00537719387989
1463,0.00188741768615
1464,0.00204440428554
