,pi_i
1102,0.00184840739324
1103,0.0033188636593
1104,0.00392257078196
1105,0.00090062528715
1106,0.00151827758206
1107,0.00178401300258
1108,0.000739017520004
1110,0.00171532805385
1111,0.00311269670532
1112,0.00340663114719
1113,0.00443589590171
1114,0.00159032165802
1115,0.0024152512578
1116,0.00297016656652
1117,0.00215713959995
1119,0.00181292220062
1120,0.00312345599149
1122,0.00236842671825
1123,0.00195962196311
1124,0.0060807423054
1125,0.00304432581051
1126,0.00176371044768
1127,0.00163383650145
1129,0.00270166469921
1130,0.00376819992479
1131,0.00294489440247
1132,0.00213916178358
1133,0.0030236089356
1135,0.00172113691963
1136,0.000912350701146
1137,0.00201059644807
1138,0.0024932293454
1139,0.005232023909
1140,0.00686540065381
1141,0.00233320986399
1142,0.00199547326553
1143,0.00580309867891
1144,0.00242619934065
1145,0.00250875855549
1146,0.00139452677673
1147,0.00111827992013
1148,0.00156497040207
1149,0.00143455291357
1150,0.00330322151064
1151,0.00191985617737
1152,0.00102204235412
1153,0.00440408209594
1154,0.00233158998165
1155,0.00526015155851
1156,0.00265454495809
1157,0.002785498314
1158,0.00281226488612
1159,0.00161863661424
1160,0.0032211199021
1161,0.00264455006425
1162,0.00159439846332
1163,0.00469742001712
1164,0.00130060518949
1165,0.00447177986668
1166,0.0029776359828
1167,0.00162747704446
1168,0.00230687501159
1169,0.00224271705069
1170,0.00150950122355
1171,0.0010268007328
1172,0.00232941578286
1173,0.00478869270274
1174,0.00187966560366
1175,0.00157916563507
1176,0.00259334482693
1177,0.00265243324292
1178,0.00317597055964
1179,0.00268850270454
1180,0.00296403777457
1181,0.00890015280695
1182,0.00279128938913
1183,0.00213774299155
1184,0.00263795064377
1185,0.00233983132879
1186,0.001601820682
1187,0.00173040502652
1188,0.00098143921279
1189,0.00183982973077
1190,0.00318758916647
1191,0.00196129783327
1192,0.00146437824709
1193,0.00339140792051
1194,0.00217822263486
1195,0.00152909936385
1196,0.00466752783853
1197,0.00121448267633
1198,0.00164076800398
1199,0.00496318398121
1200,0.00131333288139
1201,0.00275229814752
1202,0.0018101897408
1203,0.00311011479189
1204,0.00153637120384
1205,0.000928816382836
1206,0.00272711567771
1207,0.00640022999307
1208,0.0034529149635
1209,0.00235666396031
1210,0.00536358411685
1211,0.00473939018618
1212,0.000949242674065
1214,0.00222281319087
1216,0.00157435873698
1217,0.00315989941936
1218,0.00176591497313
1219,0.00149434311601
1220,0.00309912099761
1221,0.00210230177257
1222,0.00382365577599
1223,0.00126011948794
1224,0.00131640867851
1225,0.00267023935353
1226,0.00163333865689
1227,0.00178029359347
1228,0.00447911693076
1229,0.00357019372564
1231,0.00241270897419
1232,0.0026962698991
1233,0.00329419601314
1234,0.00257228419508
1235,0.00379620525533
1236,0.0018233038294
1237,0.003217915455
1238,0.00169425618677
1239,0.00281175704546
1240,0.00169293177584
1241,0.00244470197455
1242,0.00942064528111
1243,0.00658998415194
1244,0.00184157287943
1245,0.00365494166333
1246,0.00684455664786
1247,0.00254271730347
1248,0.00207767786784
1249,0.0015256034745
1250,0.00259537094978
1251,0.00147541019133
1252,0.00251353621324
1253,0.00300410028247
1254,0.00187161194917
1255,0.0013941218976
1256,0.00373510588138
1257,0.00507686108782
1258,0.00283878085837
1259,0.00234462303901
1260,0.00200137330804
1261,0.00231753803909
1263,0.00216453971905
1264,0.00244290285943
1265,0.0012979002974
1266,0.00577089232298
1267,0.00359172651056
1268,0.00563915956116
1269,0.00254588420854
1270,0.00157845957527
1271,0.00141254585413
1272,0.00464418185419
1273,0.00230544680749
1274,0.00449032265457
1275,0.00309099759717
1276,0.00397948889792
1277,0.00533351102439
1278,0.00557149632942
1279,0.00453691522291
1280,0.00511776103527
1281,0.00563133712184
1282,0.00137838450945
1283,0.00358851670705
1284,0.00174535949805
1285,0.00341157072076
1286,0.00223558731389
1287,0.00333540375684
1288,0.00363425372932
1290,0.00132272120838
1291,0.00262376124406
1292,0.00265107783982
1293,0.00486517303385
1294,0.0030927093832
1295,0.00169648696465
1296,0.0019105564073
1298,0.00164544295492
1299,0.00177057885702
1300,0.000930150956412
1301,0.0043766686508
1304,0.00361152578706
1305,0.00373499953885
1306,0.00192022704965
1307,0.0051577919409
1308,0.00329792608088
1309,0.00140367065211
1310,0.00340520206668
1311,0.00149398640202
1312,0.00105219962201
1313,0.00176115748772
1314,0.00412501468274
1315,0.000975051448479
1316,0.00181986140849
1317,0.00270055868379
1318,0.00394778920424
1319,0.00175853322778
1320,0.00471565907995
1321,0.00394155094463
1322,0.00127501039111
1323,0.00513867333191
1324,0.0029041911755
1325,0.00373809944119
1326,0.00676376305817
1328,0.00328844726951
1329,0.00484648720031
1330,0.00531703451209
1331,0.00288964422802
1332,0.00291170831743
1333,0.00309720600987
1334,0.00322030143101
1335,0.00144013437455
1336,0.0033891569478
1337,0.0016043034541
1338,0.00504565592805
1339,0.00336289151793
1340,0.00246302904376
1341,0.00140453502173
1342,0.00121916451808
1343,0.00268660982909
1344,0.00349299130497
1345,0.00592331933836
1346,0.0028256971708
1347,0.0020421996846
1348,0.00428306783452
1349,0.00181901321885
1350,0.00498326413449
1351,0.00274917238886
1352,0.00266904212851
1353,0.00254153758644
1354,0.00198977855338
1355,0.00185517521985
1356,0.00282297784474
1357,0.00172509385173
1358,0.00328787706614
1359,0.0018660515569
1360,0.00229773141952
1361,0.00473277600848
1362,0.00206075520189
1363,0.00245900562115
1364,0.00257690994468
1365,0.00185460892016
1366,0.00112494226352
1367,0.00163036432111
1368,0.00213758730807
1369,0.00134815738765
1370,0.00245216534504
1371,0.00416856647588
1372,0.00248492118138
1373,0.00466127585344
1374,0.00255750699291
1375,0.00192255625916
1376,0.00349514208448
1377,0.00173436281948
1378,0.00387675767115
1379,0.00327763830903
1380,0.000983169329395
1381,0.0010433025854
1382,0.00277306915493
1383,0.00153288905229
1384,0.00136939148293
1385,0.00403086320823
1386,0.00243229052346
1387,0.00312883525243
1388,0.00494545737209
1389,0.00262980369422
1390,0.00314760755292
1391,0.0010905252207
1392,0.00262587967518
1393,0.00729823038729
1394,0.00262487190142
1395,0.00241259105854
1396,0.00561164639471
1397,0.00521614688829
1398,0.0020429383686
1399,0.00178722801169
1400,0.00606708174603
1401,0.00518438195709
1402,0.00179602393369
1403,0.00361793581842
1404,0.00113378206728
1405,0.00138090166311
1406,0.0019097199636
1407,0.00246851069559
1408,0.00210278120256
1409,0.00395611422158
1410,0.00143553169209
1411,0.00199844334419
1412,0.00401852291314
1413,0.00202023678307
1414,0.00194937964125
1415,0.00200749062824
1416,0.00260145387466
1417,0.00312625868668
1418,0.00220531808036
1419,0.0016967681723
1420,0.00130230436613
1421,0.00136631045557
1422,0.00177393333596
1423,0.00225725887533
1424,0.004684103185
1425,0.00367476048586
1426,0.00166056127269
1427,0.00226025745097
1428,0.00302723552359
1429,0.00563485187122
1430,0.00116783519835
1431,0.0048202202008
1433,0.00438921667129
1434,0.00234742646891
1435,0.00497480008951
1436,0.00329835683919
1437,0.00592763607872
1438,0.0036489051732
1439,0.00467610279753
1440,0.00100237867732
1441,0.00267110898719
1442,0.00145595962501
1443,0.00334753788241
1444,0.00293596429897
1445,0.00101298841202
1447,0.00141575061269
1448,0.00414018163442
1449,0.00519942296427
1450,0.00301354148569
1451,0.00310265063982
1452,0.00663013335359
1453,0.00273025071887
1454,0.00315319860939
1455,0.00412904973344
1456,0.00352564859058
1457,0.00209129380758
1458,0.00592934681571
1459,0.003912397023
1460,0.00414326816249
1461,0.00190836695478
1462,0.00558194046464
1463,0.001814673032
1464,0.00186783169913
