,pi_i
1102,0.00290676225586
1103,0.00316985646546
1104,0.00406829309944
1105,0.00119516642914
1106,0.00169214789145
1107,0.0021621906946
1108,0.000928171284507
1110,0.00265108755541
1111,0.00228002467462
1112,0.00550570872097
1113,0.00292727565179
1114,0.00227188898948
1115,0.00123147806588
1116,0.00307989826023
1117,0.00236205935189
1119,0.00189343249461
1120,0.00194908546644
1122,0.0031372986385
1123,0.00252212036587
1124,0.00344919204266
1125,0.00647037887871
1126,0.00168738658836
1127,0.00152973384968
1129,0.00360088752204
1130,0.00395195899859
1131,0.00288077259753
1132,0.00214760355888
1133,0.00220628798327
1135,0.00191328503401
1136,0.00161839794461
1137,0.00387399617839
1138,0.00313626020777
1139,0.00459868598205
1140,0.00683593687504
1141,0.00179580169491
1142,0.0027143238868
1143,0.00364251637273
1144,0.00203497217118
1145,0.00251149690059
1146,0.00100117043696
1147,0.000841786953497
1148,0.00283819360546
1149,0.00221234505936
1150,0.00227335321105
1151,0.0018190633043
1152,0.000721027524654
1153,0.00534633781762
1154,0.0017943180003
1155,0.0048414481426
1156,0.00411331262375
1157,0.00306853719398
1158,0.00449200107775
1159,0.00141218377544
1160,0.0044754955142
1161,0.0036851630086
1162,0.00211371752525
1163,0.00621361641956
1164,0.0018315368411
1165,0.00227916627092
1166,0.00310930880696
1167,0.00137530154723
1168,0.00204693723784
1169,0.00220598831138
1170,0.00128283761359
1171,0.00138435555324
1172,0.00279969727562
1173,0.00353178978061
1174,0.0024238247247
1175,0.001687357644
1176,0.00208254241857
1177,0.00215395282964
1178,0.00315214331326
1179,0.0020717317861
1180,0.0033889305032
1181,0.0083089465632
1182,0.00397229770113
1183,0.00155793601042
1184,0.0020985938398
1185,0.00162198938128
1186,0.00180829890417
1187,0.00269787886196
1188,0.000766207006379
1189,0.00190359645617
1190,0.00341852796533
1191,0.00227885668745
1192,0.00150846736385
1193,0.0033709492517
1194,0.00248899307602
1195,0.00164953223518
1196,0.00548009869019
1197,0.00130165250417
1198,0.00157850946976
1199,0.00441025245714
1200,0.00155423346627
1201,0.00244588737402
1202,0.00295952199473
1203,0.00247280488979
1204,0.00125947032844
1205,0.00198778835191
1206,0.00514823106828
1207,0.00514081579571
1208,0.00408159342903
1209,0.00227734141911
1210,0.00322517738047
1211,0.0047438038396
1212,0.00135166206262
1214,0.00247293996465
1216,0.00190849820188
1217,0.00350223218184
1218,0.00241354536359
1219,0.00155275412463
1220,0.00286621708497
1221,0.00209493303949
1222,0.00205671961822
1223,0.00114148388511
1224,0.00110071380803
1225,0.00275390948378
1226,0.0015871918754
1227,0.00197579736477
1228,0.00530970924644
1229,0.00196652519835
1231,0.00357466794195
1232,0.00314959081457
1233,0.00452978230213
1234,0.00322952422138
1235,0.00353070027722
1236,0.00250034981678
1237,0.00324615251854
1238,0.00190489586358
1239,0.00264354773698
1240,0.00178736385743
1241,0.00352444789997
1242,0.00829960249578
1243,0.00491497672779
1244,0.00144811954229
1245,0.00337375329711
1246,0.00696899020531
1247,0.00253477014233
1248,0.00218850841241
1249,0.00187038621595
1250,0.0026025865715
1251,0.00217626787572
1252,0.0027739880441
1253,0.00346117469698
1254,0.00357164208934
1255,0.00118410181002
1256,0.00206229673984
1257,0.00624798559731
1258,0.00230093723677
1259,0.00248894727026
1260,0.00285720619529
1261,0.00206776794267
1263,0.00231887038565
1264,0.00167820879104
1265,0.00157839224704
1266,0.00546486515334
1267,0.00372255104676
1268,0.00475307277603
1269,0.00221160373163
1270,0.00211714934204
1271,0.00115597690544
1272,0.00363859927254
1273,0.00238736101191
1274,0.00425564501146
1275,0.00251260489353
1276,0.00452860870426
1277,0.00464614474194
1278,0.00410641774451
1279,0.003805166558
1280,0.00276335033942
1281,0.00498479691421
1282,0.00178269401556
1283,0.00385372234864
1284,0.00179821674915
1285,0.00321679231059
1286,0.00205386823274
1287,0.00369944341156
1288,0.002006819207
1290,0.00167523067181
1291,0.00214622657706
1292,0.00245517616816
1293,0.00286088019408
1294,0.00304698658982
1295,0.00251044211606
1296,0.00173159436354
1298,0.00179991751685
1299,0.00162486285311
1300,0.00142799793534
1301,0.00318218732205
1304,0.00398888981064
1305,0.00266895944721
1306,0.00184348993203
1307,0.0047346249965
1308,0.00277187874822
1310,0.00172852921466
1311,0.00172615312511
1312,0.00132082287932
1313,0.00179761268176
1314,0.00598302964123
1315,0.0015817494398
1316,0.00241099298408
1317,0.00252181636812
1318,0.0025363183941
1319,0.00314077365756
1320,0.00299993940566
1321,0.00406255023439
1322,0.00178667937795
1323,0.00594178131352
1324,0.00472197904221
1325,0.00274393363409
1326,0.00891115039074
1328,0.00278361855868
1329,0.00369799826332
1330,0.00437087461577
1331,0.00344795797759
1332,0.00327953845148
1333,0.00266211813633
1334,0.00282418404879
1335,0.00230969599309
1336,0.00447355121229
1337,0.00224899213593
1338,0.00669718686461
1339,0.00326512243237
1340,0.00181917570916
1341,0.00113911940033
1342,0.00220529986119
1343,0.00352060855823
1344,0.0033200577126
1345,0.00661653194867
1346,0.00265308039441
1347,0.00117337330904
1348,0.00319253721592
1349,0.00261543819362
1350,0.00490521561019
1351,0.00351974747765
1352,0.00309894110176
1353,0.00370815704728
1354,0.00125984578866
1355,0.00314318906051
1356,0.00219263486351
1357,0.00190185945356
1358,0.00230908417278
1359,0.00154031781163
1360,0.00150190862025
1361,0.00676156325491
1362,0.00260050896716
1363,0.00254679534302
1364,0.00299274155936
1365,0.00268330349568
1366,0.0018186336139
1367,0.00156268795888
1368,0.00169502571282
1369,0.00168481831728
1370,0.00182109976589
1371,0.00396832464913
1372,0.00198420750858
1373,0.00242507537391
1374,0.00235607482629
1375,0.00140477510337
1376,0.00283494614599
1377,0.0018544895859
1378,0.00314936941751
1379,0.00360203030391
1380,0.000749200608129
1381,0.00179146135464
1382,0.0026936714259
1383,0.00231695547951
1384,0.00176761665145
1385,0.00475481313568
1386,0.00262866400414
1387,0.00272378692318
1388,0.0045569700261
1389,0.00326441628951
1390,0.00321187469021
1391,0.00171428093083
1392,0.00221100901933
1393,0.00605391715213
1394,0.00142473539515
1395,0.00282426189282
1396,0.00470300292148
1397,0.00450250533306
1398,0.00203771090005
1399,0.00217108478098
1400,0.00718450171388
1401,0.00435878288283
1402,0.00186437832892
1403,0.0028713195193
1404,0.00162843888959
1405,0.00128162396893
1406,0.00181621184202
1407,0.00159613313761
1408,0.00222731981577
1409,0.00347983279705
1410,0.00119064330346
1411,0.00198663651508
1412,0.00380572774014
1413,0.00202038134191
1414,0.00245394177596
1415,0.00189220746514
1416,0.00305550512371
1417,0.00440192772823
1418,0.00183240112449
1419,0.00131983981144
1420,0.00116777383365
1421,0.00276154314247
1422,0.00164180977164
1423,0.00226449914197
1424,0.00516246735091
1425,0.00479407918392
1426,0.00175578153159
1427,0.00212383497408
1428,0.00278910884058
1429,0.00541269732194
1430,0.00172758267128
1431,0.00391027502565
1433,0.00403846562438
1434,0.00356874891722
1435,0.00525159753708
1436,0.00303113227197
1437,0.00507525101398
1438,0.00312726827645
1439,0.00466411215945
1440,0.00210415388587
1441,0.00261318673491
1442,0.0013116705056
1443,0.00227504414999
1444,0.00255837142639
1447,0.0022636301607
1448,0.0018491791682
1449,0.00657575952959
1450,0.00448798508438
1451,0.0025314381671
1452,0.00536433851455
1453,0.0028045032228
1454,0.0030412866073
1455,0.00393548343434
1456,0.00229115341056
1457,0.00207496933868
1458,0.0059365449618
1459,0.00375876704572
1460,0.00315238378914
1461,0.0020388425608
1462,0.00446463384349
1463,0.00232728720834
1464,0.00183971924038
