,pi_i
1102,0.00212437521945
1103,0.0041441724818
1104,0.00473674048367
1105,0.00110656919467
1106,0.00148308321459
1107,0.00260958753653
1108,0.00115146058551
1110,0.00273686630066
1111,0.00201315138903
1112,0.00430825160425
1113,0.00202558801557
1114,0.00246169521424
1115,0.00157713294861
1116,0.00310910766498
1117,0.00270543600397
1119,0.00160997680446
1120,0.00270065722093
1122,0.00236992176731
1123,0.00232482597554
1124,0.00578767383036
1125,0.00581036770176
1126,0.00218826089357
1127,0.0011054185753
1129,0.00269771716019
1130,0.00188358083622
1131,0.00255717633503
1132,0.00311350405663
1133,0.00202738621687
1135,0.00150682067979
1136,0.00130731854145
1137,0.0035988634834
1138,0.00329790747777
1139,0.00327000220195
1140,0.00430723835996
1141,0.0021594326103
1142,0.0028048019536
1143,0.00471007597306
1144,0.00232281152097
1145,0.00140645451721
1146,0.00109841252425
1148,0.00225641433037
1149,0.00253234698673
1150,0.00284572850153
1151,0.00193764992922
1152,0.00103760328827
1153,0.0047767967586
1154,0.00127002227905
1155,0.00352027061992
1156,0.00381282849925
1157,0.00217600391185
1158,0.00289376303262
1159,0.00141483951192
1160,0.00341902624485
1161,0.00350012306182
1162,0.00239980616435
1163,0.00455612080426
1164,0.00180892537766
1165,0.00218921077229
1166,0.00522639135266
1167,0.00199388160575
1168,0.00259876608154
1169,0.00138882293589
1170,0.00143671091865
1171,0.00170320536901
1172,0.00405720659095
1173,0.00403545114106
1174,0.0027006640564
1175,0.00185655645027
1176,0.00376868537312
1177,0.00252137822864
1178,0.00337285607164
1179,0.00296168499941
1180,0.00429610168094
1181,0.00588260868089
1182,0.00301926239956
1183,0.00156298556556
1184,0.00206716024745
1185,0.0020332105072
1186,0.00244390139229
1187,0.00249322254595
1188,0.00127628694855
1189,0.00190033759729
1190,0.00302121203729
1191,0.00297362295173
1192,0.00127506692762
1193,0.00352558448366
1194,0.00242568303095
1195,0.0027095738907
1196,0.00581430760823
1197,0.00143328324382
1198,0.00206647211495
1199,0.00535838525067
1200,0.00175020907876
1201,0.00257928901339
1202,0.00206392835372
1203,0.00257578103241
1204,0.0019859663979
1205,0.00206889467978
1206,0.00350809801871
1207,0.00510140725931
1208,0.00317609829336
1209,0.00366183938428
1210,0.00264978741007
1211,0.00468650811229
1212,0.000774385589309
1214,0.00204070682488
1216,0.00149993479534
1217,0.00419489270345
1218,0.00213661031277
1219,0.00209255626849
1220,0.00240254739981
1221,0.00207251749141
1222,0.00217177844642
1223,0.00118169458948
1224,0.00151646080659
1225,0.00270976817435
1226,0.0015728793259
1227,0.00173470729851
1228,0.00376314052526
1229,0.00360218416438
1231,0.00611995088907
1232,0.00296709203725
1233,0.00456808185333
1234,0.00340289638816
1235,0.00466633943301
1236,0.00186250556951
1237,0.0023634226424
1238,0.00135965986309
1239,0.00217139761528
1240,0.00241577933186
1241,0.00218368530682
1242,0.00710363916476
1243,0.00499227402289
1244,0.00145823075478
1245,0.00338033972327
1246,0.00837701626485
1247,0.00429234716461
1248,0.00216350903429
1249,0.00370046374754
1250,0.00424756037702
1251,0.00167610609589
1252,0.00248420559937
1253,0.00486223207511
1254,0.00315855819854
1255,0.00105164457656
1256,0.0025003869909
1257,0.00567779920375
1258,0.00269896952971
1259,0.00328836576273
1260,0.00183566905336
1261,0.003517161774
1263,0.00178747401417
1264,0.00319354468074
1265,0.00196685112883
1266,0.00550833881244
1267,0.0039819888344
1268,0.0029210625541
1269,0.00386432272792
1270,0.00223146460972
1271,0.0012827797083
1272,0.00607013506408
1273,0.00372629382384
1274,0.00420768621266
1275,0.0024872782796
1276,0.0049466856302
1277,0.00777843336763
1278,0.00399885513734
1279,0.0036069519628
1280,0.00377920638824
1281,0.00730320468286
1282,0.00184603968842
1283,0.00352295157903
1284,0.00177508073665
1285,0.00317231868385
1286,0.00154115798355
1287,0.00237803207058
1288,0.00196304550922
1290,0.00237185205014
1291,0.001576984961
1292,0.00419368433043
1293,0.00432913483767
1294,0.00172518543015
1295,0.0027952173388
1296,0.00125721716076
1298,0.00139185555094
1299,0.00159135717931
1300,0.00227968375634
1301,0.00430505394986
1303,0.000684449073237
1304,0.00261945835713
1305,0.00331910007032
1306,0.00159376936822
1307,0.00550528451673
1308,0.00438334178402
1310,0.00226091718182
1311,0.00114600631806
1312,0.00148368806944
1313,0.0026855389404
1314,0.00769959722314
1315,0.00179063938579
1316,0.00251801763358
1317,0.00254961910157
1318,0.00247309938864
1319,0.0010791634723
1320,0.00361727013913
1321,0.00374922064138
1322,0.00212613491679
1323,0.00436078854498
1324,0.00283109481881
1325,0.00436396617713
1326,0.0082336721137
1328,0.00328786544622
1329,0.0033197139419
1330,0.00340920214352
1331,0.00408329934826
1332,0.00349985626018
1333,0.00347307735334
1334,0.00172002312772
1335,0.0029036426921
1336,0.0028533871819
1337,0.00164148091469
1338,0.00393916410408
1339,0.00175303890322
1340,0.00236264893836
1341,0.00139986098805
1342,0.00189842900696
1343,0.00330017690377
1344,0.0030292826394
1345,0.00471474821268
1346,0.0030174385031
1347,0.00140919377266
1348,0.00219368941195
1349,0.00253465768623
1350,0.00336124650124
1351,0.00230934517924
1352,0.00363258586069
1353,0.003086879493
1354,0.00106552716078
1355,0.00447371564768
1356,0.00205311332768
1357,0.00225314756247
1358,0.00169616991348
1359,0.00174206464796
1360,0.0019456442522
1361,0.00399933192188
1362,0.00290011486066
1363,0.00181547524041
1364,0.00298429021909
1365,0.0016692622103
1366,0.00240207096848
1367,0.0029999246045
1368,0.001411919981
1369,0.0021906173944
1370,0.00177735139134
1371,0.0041847826071
1372,0.00256930077357
1373,0.00221124267187
1374,0.00240690266704
1375,0.00211546839333
1376,0.0026181231493
1377,0.00153979520167
1378,0.00377454241519
1379,0.00388327725009
1380,0.00136140369496
1381,0.00211065887222
1382,0.00402647768853
1383,0.00235708640553
1384,0.00153508202745
1385,0.00267294432155
1386,0.00420567773136
1387,0.00543632344457
1388,0.00445574946052
1389,0.00154616399282
1390,0.00384397237316
1391,0.00191990073939
1392,0.00267616004446
1393,0.00669712255597
1394,0.00158709952543
1395,0.00265271116933
1396,0.00460694931481
1397,0.00380906336684
1398,0.00271541636207
1399,0.00260696389767
1400,0.0048775071612
1401,0.00302592989936
1402,0.00166955613768
1403,0.00207782112379
1404,0.00131279581328
1405,0.00245787375004
1406,0.00126572217196
1407,0.00174496048646
1408,0.0022905895568
1409,0.00330145112704
1410,0.00138344260156
1411,0.00212581577519
1412,0.00295885398723
1413,0.00131372862592
1414,0.00194321478398
1415,0.00185267220077
1416,0.00315515846788
1417,0.00373374689459
1418,0.00239698805381
1419,0.00139523888076
1420,0.00108217812878
1421,0.00313395567983
1422,0.0018709826178
1423,0.00213327482376
1424,0.00489499548979
1425,0.00221998480504
1426,0.00360951839382
1427,0.00279363749236
1428,0.00138982472158
1429,0.00304663711498
1430,0.00191274026104
1431,0.00302836649762
1433,0.00458924122092
1434,0.00300665531711
1435,0.00565225251561
1436,0.00343275189607
1437,0.00351019756626
1438,0.00470593448821
1439,0.00382493742671
1440,0.00184500892178
1441,0.00232065024466
1442,0.00268308528252
1443,0.0025187669835
1444,0.00280316098928
1447,0.00371125414772
1448,0.00229249626597
1449,0.00367074122607
1450,0.00285536879255
1451,0.00277583504564
1452,0.00451021564606
1453,0.0023826704541
1454,0.003149300381
1455,0.00589122283139
1456,0.00171139554004
1457,0.00200939049341
1458,0.00609732611083
1459,0.00247836887649
1460,0.0022499024351
1461,0.00347619193487
1462,0.00430937772282
1463,0.00253398824583
1464,0.00260116465806
