,pi_i
1102,0.0030782154495
1103,0.00430030929625
1104,0.00381510936442
1105,0.00113704378768
1106,0.00129494782188
1107,0.00305978537925
1108,0.00159806608631
1110,0.00191538933292
1111,0.00186492106183
1112,0.00532260965213
1113,0.00366328266986
1114,0.00211502470953
1115,0.00165363251321
1116,0.00373893333732
1117,0.00279016854407
1119,0.00283345726069
1120,0.00231955983269
1122,0.00153755999047
1123,0.00184942140428
1124,0.00445645751015
1125,0.0047788559312
1126,0.00210717035044
1127,0.00112156449471
1129,0.00410504755241
1130,0.0031977785599
1131,0.00280985881648
1132,0.00224066287625
1133,0.00266557752364
1135,0.00189422179961
1136,0.00251948826366
1137,0.00446503366455
1138,0.00263446786556
1139,0.00447496750756
1140,0.00386161320688
1141,0.002045438647
1142,0.00279890094177
1143,0.0038242281006
1144,0.00174605118659
1145,0.00329033836602
1146,0.00151242084348
1148,0.00199189636419
1149,0.00251715366324
1150,0.00297412761455
1151,0.00157613730542
1152,0.00152910731435
1153,0.00473107279576
1154,0.00113068181875
1155,0.00305675878901
1156,0.0018636161515
1157,0.00194381185252
1158,0.00291405184626
1159,0.00208646369826
1160,0.00436640113955
1161,0.00509572030026
1162,0.00220957785271
1163,0.00397897587671
1164,0.00167070366476
1165,0.00192157192908
1166,0.00616572256287
1167,0.00183153834207
1168,0.0025170252583
1169,0.0022726423183
1170,0.00166191992241
1171,0.00173598096635
1172,0.00415802032369
1173,0.00360709086535
1174,0.00293483065878
1175,0.00179671001243
1176,0.0041058393405
1177,0.00251344275186
1178,0.0038938306813
1179,0.00295512562403
1180,0.00267809106694
1181,0.00667412441626
1182,0.00195047319742
1183,0.00186960098484
1184,0.00333428720506
1185,0.00193673749459
1186,0.00168596788352
1187,0.00222060817682
1188,0.00145979361319
1189,0.00237673380764
1190,0.00155108618839
1191,0.0035724639859
1192,0.00124356323749
1193,0.00316593970854
1194,0.00212066588626
1195,0.00334193778959
1196,0.00832171736823
1197,0.00138556365131
1198,0.00276932255186
1199,0.00308746512699
1200,0.00189625708889
1201,0.00290551188086
1202,0.00113876791786
1203,0.00292308571851
1204,0.0018649766413
1205,0.00267194057989
1206,0.00303176716066
1207,0.00525794188013
1208,0.00307941719523
1209,0.00241647070892
1210,0.00310145317352
1211,0.00732129368923
1212,0.000494940388257
1214,0.0019412632572
1216,0.00221443715081
1217,0.00305463105774
1218,0.0022564991941
1219,0.00211638612861
1220,0.00165495754523
1221,0.00217481357244
1222,0.00241805440089
1223,0.00129908741605
1224,0.00140475397396
1225,0.00234180397564
1226,0.0014404162971
1227,0.00262947286084
1228,0.00465105791187
1229,0.0043018447232
1231,0.00793458866836
1232,0.00347894839065
1233,0.00388905853592
1234,0.00473358589495
1235,0.00491559498814
1236,0.00221190175418
1237,0.00129636825561
1238,0.00141300611966
1239,0.00181830172903
1240,0.00207875023107
1241,0.00267321697432
1242,0.00726871645552
1243,0.00502533082679
1244,0.0014245773902
1245,0.00320910575894
1246,0.00456839232642
1247,0.00406589187643
1248,0.00276995952538
1249,0.00110300854887
1250,0.00338190786267
1251,0.0020687377496
1252,0.0016124920739
1253,0.00265109629201
1254,0.0026820637945
1255,0.00120559785834
1256,0.00372267112572
1257,0.00813243376111
1258,0.00232546792483
1259,0.00313795964916
1260,0.00268989500974
1261,0.00314475470199
1263,0.00190744785294
1264,0.0028482934531
1265,0.00217170284967
1266,0.00463243806549
1267,0.0021393635695
1268,0.00440236640054
1269,0.00349939994106
1270,0.00153217929455
1271,0.00106166186442
1272,0.00502054936743
1273,0.00308094451294
1274,0.00602685236594
1275,0.00202801668052
1276,0.00613577168336
1277,0.0058798966657
1278,0.00516934322052
1279,0.00531607560675
1280,0.00198781235357
1281,0.00520627648466
1282,0.00151754126823
1283,0.00228437403979
1284,0.00161776735939
1285,0.00267744463409
1286,0.00153935798488
1287,0.00234213403064
1288,0.00252176502084
1290,0.0010784786014
1291,0.00242500943786
1292,0.00511027478787
1293,0.0030049085236
1294,0.00196284428416
1295,0.0038057006936
1296,0.00148467541671
1297,0.00185410089003
1298,0.00167669377599
1299,0.0024771130642
1300,0.00251815837343
1301,0.0050961556663
1303,0.00130684733283
1304,0.00285763650296
1305,0.00255295291465
1306,0.00189498201273
1307,0.00569807662673
1308,0.00377558493757
1309,0.000784847237403
1310,0.00302695112279
1311,0.00179012464405
1312,0.00168150245696
1313,0.0024664940767
1314,0.00485755714831
1315,0.00187244091147
1316,0.00215071180884
1317,0.0020169264441
1318,0.00271839699747
1319,0.00167972808467
1320,0.00380659685578
1321,0.00288313514491
1322,0.00288213355094
1323,0.00499359691744
1324,0.00257215883845
1325,0.003834968631
1326,0.00640570757506
1328,0.00428480455147
1329,0.00511849846721
1330,0.00174309964426
1331,0.00281853327801
1332,0.00454545744691
1333,0.00322410892397
1334,0.00330059996264
1335,0.00210154549021
1336,0.00251974803118
1337,0.00208607375399
1338,0.00603660395102
1339,0.00180352289271
1340,0.0014194686698
1341,0.00146275296312
1342,0.00123255533465
1343,0.00300380921206
1344,0.00364184640435
1345,0.00348149669641
1346,0.00239563966781
1347,0.00178257282533
1348,0.0022024390375
1349,0.00131546731461
1350,0.00349302153645
1351,0.00287574405681
1352,0.00304126060335
1353,0.00312462336823
1354,0.00112891405517
1355,0.00360045331832
1356,0.00259963191148
1357,0.00182027869509
1358,0.00217338218329
1359,0.00178146586076
1360,0.00260829421699
1361,0.0047341022093
1362,0.00274346535697
1363,0.00156627790672
1364,0.0022602334732
1365,0.00327511945194
1366,0.00245514383224
1367,0.00250241244619
1368,0.00174967567277
1369,0.00229805169746
1370,0.00193825296623
1371,0.00315139474392
1372,0.00347896863314
1373,0.00174650053182
1374,0.00241411808352
1375,0.00221744681877
1376,0.00231623369531
1377,0.00191963563115
1378,0.00274348991254
1379,0.00432565332588
1380,0.00254992243227
1381,0.0014994840026
1382,0.00283277873202
1383,0.00223450851248
1384,0.00132898581279
1385,0.00309385459456
1386,0.00359605357182
1387,0.00529469202752
1388,0.00501117927624
1389,0.00183389769313
1390,0.00421178214367
1391,0.00207831534467
1392,0.00413651803341
1393,0.00643627905147
1394,0.00156039670871
1395,0.00189117889375
1396,0.00403893592965
1397,0.0039404448879
1398,0.00265139639072
1399,0.00160924603055
1400,0.00322898645298
1401,0.0033784239287
1402,0.00203492777512
1403,0.00178999156206
1404,0.00122815996847
1405,0.00236038112033
1406,0.00276363417596
1407,0.00190884088486
1408,0.00277799711974
1409,0.00247557746361
1410,0.00139514188411
1411,0.00271610305368
1412,0.00265375698284
1413,0.00246751073065
1414,0.00327276517043
1415,0.00150133698889
1416,0.00268484947094
1417,0.00459164793445
1418,0.00232979136763
1419,0.00122069470306
1420,0.0015849969064
1421,0.0024377913641
1422,0.00158811142352
1423,0.00162038699387
1424,0.0049135310342
1425,0.00311631211542
1426,0.00288114633456
1427,0.00205982612151
1428,0.00297183436931
1429,0.00294220918744
1430,0.00161025984234
1431,0.00312323021836
1433,0.00568052069512
1434,0.00421148938868
1435,0.00325947547732
1436,0.00312501362373
1437,0.00412086204308
1438,0.00458620261584
1439,0.00254034577505
1440,0.00156279712497
1441,0.00222797606385
1442,0.00261836191683
1443,0.00282818776342
1444,0.00277790712301
1447,0.00253692933213
1448,0.00269538832573
1449,0.00356255924574
1450,0.00315683763923
1451,0.00358310081866
1452,0.00292810287468
1453,0.00326807130281
1454,0.00172377294316
1455,0.00537149196678
1456,0.00222484849867
1457,0.00187181102252
1458,0.00621451182067
1459,0.00220977047542
1460,0.00329613824198
1461,0.00334885727348
1462,0.00349245523914
1463,0.00240497798271
1464,0.00242843110077
