,pi_i
1101,0.000807183554541
1102,0.00182229924968
1103,0.00304182516854
1104,0.00334602134525
1105,0.00151783707607
1106,0.00156333258664
1107,0.00280135742082
1108,0.00135290277386
1110,0.00352962628133
1111,0.00122727182872
1112,0.00788998692208
1113,0.00430819507207
1114,0.0021702166581
1115,0.00143922718441
1116,0.00438021380245
1117,0.00266091966971
1119,0.00226076978345
1120,0.00268418210996
1122,0.00155800146974
1123,0.00152873867734
1124,0.00484388521923
1125,0.00344564312293
1126,0.00137162177834
1127,0.00136426269302
1129,0.00379314663576
1130,0.00280230214226
1131,0.00357463180411
1132,0.00232221882228
1133,0.00224377466603
1135,0.00260995498182
1136,0.00255977546301
1137,0.0028859323729
1138,0.00300085693652
1139,0.00314725606227
1140,0.00468142893195
1141,0.00166510488067
1142,0.00259479357385
1143,0.00382349283747
1144,0.00141742501905
1145,0.00339429368321
1146,0.00110548230508
1148,0.00159997434795
1149,0.00212918809518
1150,0.00247995532106
1151,0.00170429955747
1152,0.00167253393491
1153,0.00521102517093
1154,0.00119628748738
1155,0.00406428551031
1156,0.00350234782837
1157,0.00209947687503
1158,0.00240815446192
1159,0.00259232871772
1160,0.00413068276793
1161,0.00266613037635
1162,0.00303215578744
1163,0.00525961488817
1164,0.00174201824911
1165,0.00119765218726
1166,0.00641265572799
1167,0.00226636627907
1168,0.00204173440838
1169,0.00241176845875
1170,0.00173013493213
1171,0.0019259991756
1172,0.00291142377381
1173,0.00422909977671
1174,0.00393609470386
1175,0.00147575895729
1176,0.0028953653541
1177,0.00263267047462
1178,0.00234916221389
1179,0.00241373870587
1180,0.00300814846871
1181,0.00653199034153
1182,0.00264163093095
1183,0.00142167180363
1184,0.00300743623891
1185,0.00308683551885
1186,0.0020138800678
1187,0.00215476082836
1188,0.00154059491341
1189,0.00218512083593
1190,0.0021084452833
1191,0.00224491318898
1192,0.00175521923186
1193,0.00212852522709
1194,0.0020396376815
1195,0.00255270450567
1196,0.007020351064
1197,0.00167275691451
1198,0.00177240439658
1199,0.00457055209533
1200,0.00222989608754
1201,0.00287790780255
1202,0.0010724603197
1203,0.00442246276273
1204,0.00175741710502
1205,0.00209438802386
1206,0.00283608190637
1207,0.00398361831816
1208,0.00337758304878
1209,0.00398512154973
1210,0.0031227259401
1211,0.00566692310767
1212,0.000855005573776
1213,0.0018329236558
1214,0.00229470064344
1216,0.00237404951902
1217,0.00473251450576
1218,0.00262162987172
1219,0.00182528281268
1220,0.00218000671933
1221,0.00301725044032
1222,0.00281422361554
1223,0.00118863440234
1224,0.00139768685709
1225,0.00218148903269
1226,0.00189769791108
1227,0.00182863073394
1228,0.00408241415505
1229,0.00259641467721
1230,0.00099528843382
1231,0.00406637016398
1232,0.00323151722583
1233,0.00404088285575
1234,0.0056642947226
1235,0.00570600316709
1236,0.00309443134607
1237,0.00139737176464
1238,0.00183829481286
1239,0.00145450953019
1240,0.0015465744397
1241,0.00207206420014
1242,0.00670331188054
1243,0.00411255949347
1244,0.00118991331644
1245,0.00247487048909
1246,0.00569170687308
1247,0.00307263596186
1248,0.00222521323491
1249,0.00125341732697
1250,0.00236599257343
1251,0.0017513272649
1252,0.00187439536704
1253,0.00265016434768
1254,0.0016215783442
1255,0.00103291330985
1256,0.00497730688662
1257,0.00830726606171
1258,0.00252073314492
1259,0.00172153075311
1260,0.00213482186898
1261,0.00385813636151
1262,0.00139506838217
1263,0.00117546341215
1264,0.00413496095993
1265,0.00227688618488
1266,0.00394593604311
1267,0.00210617868774
1268,0.00412808877216
1269,0.00447617722854
1270,0.00151927957498
1271,0.00120298986986
1272,0.00436650456985
1273,0.00351787639694
1274,0.00370040315467
1275,0.00212740124503
1276,0.00596816616068
1277,0.00640714547945
1278,0.00409375242725
1279,0.00344934243744
1280,0.00220677636271
1281,0.00386826068357
1282,0.00176515230461
1283,0.00266505478475
1284,0.00206128190033
1285,0.00212104942933
1286,0.00167454323059
1287,0.00264610747189
1288,0.00221897604795
1290,0.00107713772929
1291,0.00242683926398
1292,0.00331680254164
1293,0.00228915776557
1294,0.00230206409027
1295,0.00385019702909
1296,0.00223019056411
1297,0.00160098689759
1298,0.00165840744879
1299,0.00142258762653
1300,0.00387204993228
1301,0.00387844631015
1303,0.00249266197551
1304,0.00389284027037
1305,0.00278439820685
1306,0.00153515083457
1307,0.00484708563746
1308,0.00422723358316
1309,0.00108363077444
1310,0.00210604152696
1311,0.0013993663513
1312,0.00143782173692
1313,0.00215351243893
1314,0.00505241316938
1315,0.00215620583749
1316,0.00203825728303
1317,0.00199206538445
1318,0.00254142002071
1319,0.00203979960801
1320,0.00331857975302
1321,0.00305003118262
1322,0.00238301828778
1323,0.00345201459715
1324,0.00243399461776
1325,0.00327931357446
1326,0.00590682280833
1328,0.00481125654003
1329,0.00583691421863
1330,0.00247690805829
1331,0.00266083856476
1332,0.00494033936854
1333,0.00329266381923
1334,0.00253098493565
1335,0.00182308611095
1336,0.00349668566509
1337,0.00263280915567
1338,0.00572079108
1339,0.00318512564986
1340,0.00179738282888
1341,0.00153964086691
1342,0.0010375248521
1343,0.00303133272956
1344,0.00460314587208
1345,0.00344582604295
1346,0.00297508073239
1347,0.00199946760015
1348,0.0030667151398
1349,0.00147548351454
1350,0.00349146321802
1351,0.00230741929766
1352,0.00279040698456
1353,0.00231087071563
1354,0.00119863929341
1355,0.00270266963365
1356,0.00271185982854
1357,0.00172522133112
1358,0.00243131844798
1359,0.00142696234464
1360,0.00276047684852
1361,0.00500457621355
1362,0.00317580287728
1363,0.0016130188579
1364,0.00311341614221
1365,0.00266789230118
1366,0.00181336489442
1367,0.00280029492431
1368,0.00136154916944
1369,0.00214547566116
1370,0.00191681201561
1371,0.00387511120507
1372,0.0038311534828
1373,0.0025650613412
1374,0.00485098258569
1375,0.00195569852717
1376,0.00316372336277
1377,0.00190507566748
1378,0.00228074930189
1379,0.00387921481752
1380,0.00246569358454
1381,0.00097568784861
1382,0.00384903491173
1383,0.00262577572672
1384,0.0016774583539
1385,0.0042920772595
1386,0.00425370755574
1387,0.00455290882839
1388,0.00385706272961
1389,0.00227762265156
1390,0.00456899088072
1391,0.00130901948618
1392,0.00286250425719
1393,0.00526960615151
1394,0.00197964110979
1395,0.00205597815678
1396,0.0025668238775
1397,0.00519827765945
1398,0.00170871320034
1399,0.00198589353611
1400,0.00444936501221
1401,0.00302218560635
1402,0.00176399114536
1403,0.00348579408463
1404,0.00133667801769
1405,0.00348319689294
1406,0.00311400767756
1407,0.00198399594443
1408,0.00166521605091
1409,0.00377977881076
1410,0.001667223247
1411,0.00226496115393
1412,0.00250761283763
1413,0.00140525429816
1414,0.00341147576306
1415,0.00172017061508
1416,0.00239107656106
1417,0.00606362486963
1418,0.0033284053268
1419,0.00187651661729
1420,0.0015338769018
1421,0.00207903237895
1422,0.00142901799797
1423,0.0018445841482
1424,0.00361298453361
1425,0.00252318246525
1426,0.0022238164617
1427,0.00130192617862
1428,0.00417711124111
1429,0.00289309609411
1430,0.00214722588718
1431,0.00307391791762
1433,0.00581053499173
1434,0.00258620356673
1435,0.00291459074542
1436,0.00385664594957
1437,0.00643420016707
1438,0.00644981893213
1439,0.00244055766644
1440,0.00190257106187
1441,0.00223264270271
1442,0.00184549456198
1443,0.00258340664697
1444,0.00305053297859
1447,0.00250519564233
1448,0.00309175565587
1449,0.00318044395585
1450,0.002349822202
1451,0.00236046632477
1452,0.00408655377953
1453,0.00344089862831
1454,0.00293268308019
1455,0.00638859714405
1456,0.00272924381815
1457,0.00215784358513
1458,0.00605678032117
1459,0.00233709111992
1460,0.00298978566426
1461,0.00307759044178
1462,0.00444228327511
1463,0.00240994977407
1464,0.0024497853789
