,pi_i
1101,0.00119863922454
1102,0.00218521267969
1103,0.00350183491671
1104,0.00373210971562
1105,0.00131070153203
1106,0.00182286309273
1107,0.00316554726521
1108,0.0011344021541
1110,0.00290380906438
1111,0.00177563634603
1112,0.00846380990216
1113,0.00352664411767
1114,0.00204611638446
1115,0.00155098607479
1116,0.00517023406238
1117,0.0015905408477
1119,0.0020445057067
1120,0.00294153187708
1122,0.00142534515645
1123,0.00208947800575
1124,0.00591686254189
1125,0.0028907542629
1126,0.00141172601346
1127,0.00148284749041
1129,0.0042715052682
1130,0.00307403502363
1131,0.00218421936318
1132,0.00327350990412
1133,0.00204369481244
1135,0.0019188150002
1136,0.00222276938469
1137,0.0025503638624
1138,0.00436242161773
1139,0.00519250220417
1140,0.0047980812689
1141,0.0033222842214
1142,0.00248955558481
1143,0.00300683846016
1144,0.00170072016612
1145,0.0026102379659
1146,0.000915959811791
1148,0.00127208442678
1149,0.00211035812244
1150,0.00307025951566
1151,0.00253943130147
1152,0.00134889742927
1153,0.00405953860614
1154,0.00134972437344
1155,0.0032340467839
1156,0.00326457803305
1157,0.00279042092999
1158,0.00198373627119
1159,0.00273116083009
1160,0.00330510578522
1161,0.00391906847478
1162,0.00244743770402
1163,0.00393914898911
1164,0.00134015818876
1165,0.00224252062219
1166,0.00362369859032
1167,0.0020374006538
1168,0.00166187593237
1169,0.00205284292592
1170,0.00220602739213
1171,0.00241009870266
1172,0.00455542676914
1173,0.00430012112389
1174,0.00187820000843
1175,0.00226709685753
1176,0.00211901915717
1177,0.00282871206646
1178,0.0024534213566
1179,0.00172353247865
1180,0.00186141000729
1181,0.00794458111031
1182,0.00205861158352
1183,0.00212942756087
1184,0.00279775691533
1185,0.00286979306969
1186,0.00319010344336
1187,0.00208764971835
1188,0.00166247594689
1189,0.00218938538595
1190,0.00218379388314
1191,0.00274328490625
1192,0.00150567005178
1193,0.0017979951082
1194,0.0016539533364
1195,0.00251811299148
1196,0.00460004286129
1197,0.000825138600685
1198,0.00198967178308
1199,0.00331985861646
1200,0.00215713517233
1201,0.00228081277186
1202,0.00181447093978
1203,0.00390968405229
1204,0.00266317932552
1205,0.00233877043721
1206,0.00216233216951
1207,0.00485002976207
1208,0.004436752015
1209,0.00406259674804
1210,0.0032332743712
1211,0.00773331172958
1212,0.000661671442586
1213,0.00172991688406
1214,0.00220550768522
1216,0.00192000160925
1217,0.00299159073196
1218,0.00305220844531
1219,0.00249897335024
1220,0.00347487691836
1221,0.00209039728176
1222,0.00225968889125
1223,0.00129285768378
1224,0.00198318070043
1225,0.00206865015671
1226,0.00154434879137
1227,0.00183397476874
1228,0.00416777779195
1229,0.0037049795946
1230,0.00189545173297
1231,0.00422120613304
1232,0.00232031675121
1233,0.00381682518648
1234,0.00480102341284
1235,0.0061029300236
1236,0.00210669671672
1237,0.00193815117944
1238,0.00181830992724
1239,0.00123404954736
1240,0.00155019208241
1241,0.00228102180371
1242,0.00632058046445
1243,0.00370398350735
1244,0.00125844442358
1245,0.00303790575249
1246,0.0101198205633
1247,0.0034139598281
1248,0.0025430321824
1249,0.00160983565541
1250,0.00245660657051
1251,0.00124046668899
1252,0.00167970557934
1253,0.00308457427203
1254,0.00190974039039
1255,0.00167934559823
1256,0.00378868613825
1257,0.0053386662748
1258,0.00197135006789
1259,0.00171444958378
1260,0.00268059712209
1261,0.00429057479217
1262,0.00165344141848
1263,0.00127666758157
1264,0.00287630819066
1265,0.00175594223238
1266,0.00323944361218
1267,0.0018198189484
1268,0.00466622180301
1269,0.00303657116541
1270,0.00161457840194
1271,0.00248811228315
1272,0.00319482820177
1273,0.00257433702616
1274,0.00456660659449
1275,0.00221772225228
1276,0.00348607008803
1277,0.00571945124588
1278,0.00411946468735
1279,0.00437707572837
1280,0.00261969933736
1281,0.00234868195035
1282,0.00200430620336
1283,0.00180662236338
1284,0.00272606474287
1285,0.00252255490883
1286,0.00141559545053
1287,0.00293506449248
1288,0.00151539648376
1290,0.00105310235471
1291,0.00211636594545
1292,0.00297455267708
1293,0.0035637215438
1294,0.00188113161426
1295,0.00246500647583
1296,0.00243795683862
1297,0.00188897316553
1298,0.00193532880855
1299,0.00139783086251
1300,0.0030801582892
1301,0.00462206154067
1303,0.00184162383894
1304,0.00302798521291
1305,0.00177533233063
1306,0.00247136776315
1307,0.00291851241787
1308,0.00330458120649
1309,0.0014834761588
1310,0.00172943732312
1311,0.00116671793907
1312,0.00213597540937
1313,0.00251063451159
1314,0.00678106001902
1315,0.00152023216465
1316,0.0030502705149
1317,0.00196075730745
1318,0.0034745954316
1319,0.0025893977521
1320,0.00501793207929
1321,0.00304508583427
1322,0.00208120427854
1323,0.0063347863179
1324,0.00258278332285
1325,0.0020596072234
1326,0.00579573512873
1328,0.00608049972915
1329,0.00426276117516
1330,0.00369370066001
1331,0.00221345830826
1332,0.00400107387761
1333,0.00291550612901
1334,0.00191849293461
1335,0.0017312532245
1336,0.00366626799943
1337,0.00321081153413
1338,0.00355392406179
1339,0.00290412939335
1340,0.00178702301877
1341,0.00203678847997
1342,0.00123109207227
1343,0.00246007264455
1344,0.0048543032945
1345,0.00436829962102
1346,0.00249341837284
1347,0.00232504738529
1348,0.00364853967729
1349,0.00222071620731
1350,0.00399552983533
1351,0.00271966587068
1352,0.00259735237127
1353,0.00241204767625
1354,0.00149116033164
1355,0.00343332770593
1356,0.00223241855138
1357,0.00211643574369
1358,0.0032548924777
1359,0.0018687236872
1360,0.00320157505482
1361,0.0046393998665
1362,0.00287963818462
1363,0.000978651182885
1364,0.003190402469
1365,0.00230948566259
1366,0.0012641201364
1367,0.00273505749469
1368,0.00189791874851
1369,0.00194903074482
1370,0.00170160516333
1371,0.00343380896727
1372,0.0043694733475
1373,0.00202298538696
1374,0.00463015216689
1375,0.00190143953886
1376,0.00386689883545
1377,0.0023167648929
1378,0.00187276659402
1379,0.00144589613613
1380,0.00216469502617
1381,0.00151875805949
1382,0.00309851954596
1383,0.00283545725548
1384,0.00232152311407
1385,0.00407072754248
1386,0.00250727315299
1387,0.00180982029176
1388,0.00346467871711
1389,0.00279560281029
1390,0.00414303335335
1391,0.00124984902532
1392,0.00314795270466
1393,0.00397260981566
1394,0.0022943898567
1395,0.00409294317204
1396,0.00373527489165
1397,0.00333465489793
1398,0.00133093998617
1399,0.00198574103294
1400,0.00535369267489
1401,0.00396062464759
1402,0.00207729462372
1403,0.00265986614874
1404,0.00234812880766
1405,0.00388947158089
1406,0.00204606418856
1407,0.00168989196316
1408,0.00210132443519
1409,0.003372612441
1410,0.00133737557884
1411,0.00285545065809
1412,0.00292873574631
1413,0.0031039111974
1414,0.00345039234437
1415,0.00210178585757
1416,0.00162904372776
1417,0.00413283475579
1418,0.00295057418583
1419,0.00250304558823
1420,0.00131241260287
1421,0.00198578533357
1422,0.00179708210272
1423,0.00253775298571
1424,0.00331225326133
1425,0.00255291685008
1426,0.00241667414546
1427,0.00205411383156
1428,0.00619739650567
1429,0.00284901343636
1430,0.00140120443216
1431,0.00348943923884
1433,0.00508033943731
1434,0.00366332810326
1435,0.00410701600482
1436,0.00301359065906
1437,0.00826215671899
1438,0.00721238488737
1439,0.00265490337459
1440,0.00158960218086
1441,0.00220588560106
1442,0.0011664338518
1443,0.00273110916486
1444,0.00296964678258
1447,0.00157217163713
1448,0.00291101535334
1449,0.00299468325347
1450,0.002315676401
1451,0.00179499701353
1452,0.00496799761086
1453,0.00366672363161
1454,0.0019428924192
1455,0.00515322204002
1456,0.00317963824838
1457,0.00245684300355
1458,0.00837161794389
1459,0.00343846042382
1460,0.00199567935402
1461,0.00326318159584
1462,0.00539196649925
1463,0.0035695252301
1464,0.00186199600897
