,pi_i
1101,0.00129342179096
1102,0.00190975192236
1103,0.00394263329556
1104,0.00355969796687
1105,0.00164861580135
1106,0.00181430107514
1107,0.0034021999264
1108,0.00138613993106
1110,0.00157453227875
1111,0.00199167514275
1112,0.00581544488607
1113,0.00338312228836
1114,0.00445797093504
1115,0.00142545730478
1116,0.00377511375142
1117,0.00197727049851
1119,0.00214074567153
1120,0.00230618870059
1122,0.00233120974429
1123,0.00264718431967
1124,0.00520056043363
1125,0.00314227306673
1126,0.00155057383944
1127,0.00146382689801
1129,0.0034367724061
1130,0.00206131698
1131,0.002140018994
1132,0.0020947314212
1133,0.00137816097207
1135,0.00172964043146
1136,0.00120268374997
1137,0.00248737448269
1138,0.00298699809358
1139,0.00459018622574
1140,0.0045523268492
1141,0.00258496626678
1142,0.00213649651074
1143,0.00526698300133
1144,0.00147781216096
1145,0.00238047301037
1146,0.00133672731124
1148,0.000893136228652
1149,0.00154499562997
1150,0.00229429566963
1151,0.00377707892589
1152,0.00113993126929
1153,0.00488405472714
1154,0.0013455793585
1155,0.00413598943415
1156,0.00168935876961
1157,0.00238103887753
1158,0.00304422358286
1159,0.00192543140678
1160,0.00412585675575
1161,0.00280652809092
1162,0.00288911117605
1163,0.00521352360222
1164,0.00136496236854
1165,0.00155266763263
1166,0.00436790255863
1167,0.00301263789975
1168,0.00170697608893
1169,0.00183855371468
1170,0.00174656443213
1171,0.00192209302187
1172,0.00296944960236
1173,0.00416052624942
1174,0.00176865028172
1175,0.00104203861732
1176,0.00239394232975
1177,0.00227456144288
1178,0.0023220915088
1179,0.00181600663857
1180,0.00200942071849
1181,0.00602365894741
1182,0.00255672689807
1183,0.00169294256852
1184,0.00233297514598
1185,0.00258518948089
1186,0.00227586893096
1187,0.00245931485249
1188,0.00147351278467
1189,0.00257869961747
1190,0.00292868321653
1191,0.00395910768331
1192,0.00183365887308
1193,0.00244956458433
1194,0.00166438611548
1195,0.00229003193583
1196,0.00485809705224
1197,0.000935724507919
1198,0.00201690572435
1199,0.00436142919067
1200,0.00230241624867
1201,0.00338840750545
1202,0.0027266847749
1203,0.00394523900388
1204,0.00214815164106
1205,0.00219957162441
1206,0.00226526250102
1207,0.00397124355493
1208,0.00374375346948
1209,0.00235537116695
1210,0.00423787678708
1211,0.0052939856362
1212,0.00115103443533
1213,0.0027664935999
1214,0.00200700323812
1216,0.00157484121293
1217,0.00253038506019
1218,0.00377304943961
1219,0.00279974673805
1220,0.00374901375303
1221,0.00193133526444
1222,0.00390198664023
1223,0.00156915575549
1224,0.00142209628158
1225,0.0022003114632
1226,0.00167076694828
1227,0.0011798475252
1228,0.00317969245024
1229,0.00290074849644
1230,0.00158552879542
1231,0.00604215482336
1232,0.00249600085443
1233,0.00358929081181
1234,0.00572769055857
1235,0.00565864020325
1236,0.00318222985172
1237,0.00229274925569
1238,0.00227394844485
1239,0.00170970912445
1240,0.00170408324775
1241,0.00351022522596
1242,0.00782281579736
1243,0.0043557249204
1244,0.00173619939795
1245,0.0025144686184
1246,0.00678107134785
1247,0.00163694591077
1248,0.00139542559918
1249,0.00117636247422
1250,0.0023470860801
1251,0.00176424411105
1252,0.0018692290947
1253,0.00336025440501
1254,0.00178804147091
1255,0.00175457540702
1256,0.0026441397177
1257,0.00631047472153
1258,0.00208878715629
1259,0.00168232185951
1260,0.00229418314258
1261,0.00380217566869
1262,0.00148118394122
1263,0.00123456434816
1264,0.00200952247714
1265,0.00163009769089
1266,0.00335374241421
1267,0.00286665825725
1268,0.00555098818482
1269,0.00250713125813
1270,0.00124041506019
1271,0.0016154083153
1272,0.00390513056364
1273,0.00257250467459
1274,0.00580661613075
1275,0.00211249488889
1276,0.00431488724298
1277,0.00778704651663
1278,0.00237110805456
1279,0.00368462137484
1280,0.00351552036685
1281,0.00245232233498
1282,0.00190303691618
1283,0.00195934597732
1284,0.00445354977128
1285,0.00263801009929
1286,0.00201603099
1287,0.00279675542602
1288,0.00167791193517
1290,0.00147997633405
1291,0.00205690010371
1292,0.00301999818397
1293,0.00243546257296
1294,0.00141446527405
1295,0.00293856949163
1296,0.00245315201793
1297,0.00190999670445
1298,0.00238980250026
1299,0.00126625162947
1300,0.00152318208541
1301,0.00383787835739
1303,0.00283048467835
1304,0.00374623391807
1305,0.00270858650253
1306,0.00201244168917
1307,0.00327217023895
1308,0.00313965378935
1309,0.00136973029587
1310,0.00178742698718
1311,0.0013700126164
1312,0.00221212696878
1313,0.00218431430156
1314,0.00779170035771
1315,0.00215075070469
1316,0.00258508526216
1317,0.00150713174297
1318,0.00318757896663
1319,0.00109316826224
1320,0.00387944046675
1321,0.00371033777094
1322,0.00113935909988
1323,0.00468074496968
1324,0.00411055729116
1325,0.00291842805935
1326,0.00370128139699
1328,0.00673750915381
1329,0.00352413254132
1330,0.00351562114986
1331,0.00248982005046
1332,0.00582937408079
1333,0.00367109581754
1334,0.00182112489253
1335,0.0017510686836
1336,0.00281867133099
1337,0.00287438474964
1338,0.0044428738131
1339,0.00222183667727
1340,0.00182908526293
1341,0.00142693122185
1342,0.00142544761281
1343,0.00349666697089
1344,0.00436306881993
1345,0.0065113206134
1346,0.00168253593169
1347,0.00223198079055
1348,0.00349225298547
1349,0.00162851148134
1350,0.00333749657976
1351,0.00246060994992
1352,0.00171426322501
1353,0.00153605572396
1354,0.00198384585356
1355,0.00399951064792
1356,0.00279655051958
1357,0.00164896867337
1358,0.00208741802468
1359,0.00232444963223
1360,0.00157582626158
1361,0.00424511392711
1362,0.00195585622508
1363,0.00174726183569
1364,0.00320528566155
1365,0.00191089862127
1366,0.00131393815818
1367,0.00129661081823
1368,0.00161428526388
1369,0.0011497012878
1370,0.00152857824838
1371,0.00504973584049
1372,0.00384208181142
1373,0.00335588579063
1374,0.00526703702433
1375,0.00201069509266
1376,0.0041883069613
1377,0.00221290517658
1378,0.00210193536161
1379,0.00141149369079
1380,0.0024113403848
1381,0.00114967241889
1382,0.00343025347968
1383,0.00175171699873
1384,0.00156939844959
1385,0.00202827239158
1386,0.00447439571486
1387,0.00197070889084
1388,0.00468280095818
1389,0.00225069003501
1390,0.00286679340192
1391,0.0016953823815
1392,0.00353537093736
1393,0.0045132936584
1394,0.00259376760194
1395,0.00287790390907
1396,0.0034450096658
1397,0.00368093697544
1398,0.00252024790286
1399,0.00225762198535
1400,0.00473526246479
1401,0.00591305936901
1402,0.00221105809559
1403,0.0041455022967
1404,0.00225734851664
1405,0.00307503046793
1406,0.00282044623343
1407,0.00172098739889
1408,0.00245468673787
1409,0.00378140794743
1410,0.00105287013363
1411,0.00282371139904
1412,0.00315289134686
1413,0.00187366349431
1414,0.00364115489885
1415,0.00208323269264
1416,0.0022072938856
1417,0.0037347780035
1418,0.00306036079669
1419,0.00310394972488
1420,0.00155468258984
1421,0.00321742592402
1422,0.00214278518944
1423,0.00371014541022
1424,0.00322885244662
1425,0.00445792201701
1426,0.00386514938233
1427,0.0011930575002
1428,0.00498765675197
1429,0.00260990031631
1430,0.00149840128287
1431,0.00220182887486
1433,0.00486991229909
1434,0.00469726348554
1435,0.00544383560828
1436,0.00292997085996
1437,0.00731679474679
1438,0.00734851065475
1439,0.00383270857288
1440,0.00137318747625
1441,0.0023995944635
1442,0.00172884484387
1443,0.00250499672901
1444,0.00241531585329
1447,0.00236292792355
1448,0.00300760164352
1449,0.00381643434952
1450,0.00211236345717
1451,0.00297169541881
1452,0.00743197822562
1453,0.00333019330641
1454,0.00329343934335
1455,0.00519140911594
1456,0.00351675671965
1457,0.00276390959856
1458,0.00456886472462
1459,0.00253453196824
1460,0.00308558192068
1461,0.0024091213825
1462,0.00571369819761
1463,0.00383909244291
1464,0.00163699223906
