,prob
-70,0.00807265290324
-69,0.00852066295864
-68,0.00899331091773
-67,0.00949192603598
-66,0.0100179063609
-65,0.0105727219581
-64,0.0111579182503
-63,0.0117751194668
-62,0.0124260322037
-61,0.0131124490912
-60,0.0138362525642
-59,0.0145994187322
-58,0.0154040213419
-57,0.016252235826
-56,0.0171463434282
-55,0.0180887353933
-54,0.0190819172121
-53,0.0201285129024
-52,0.0212312693122
-51,0.0223930604231
-50,0.0236168916312
-49,0.02490590398
-48,0.0262633783156
-47,0.0276927393302
-46,0.0291975594578
-45,0.0307815625785
-44,0.0324486274877
-43,0.034202791076
-42,0.0360482511653
-41,0.0379893689381
-40,0.0400306708916
-39,0.0421768502437
-38,0.0444327677095
-37,0.0468034515618
-36,0.0492940968829
-35,0.0519100639072
-34,0.0546568753491
-33,0.0575402126031
-32,0.0605659106985
-31,0.0637399518844
-30,0.067068457717
-29,0.0705576795173
-28,0.0742139870627
-27,0.0780438553778
-26,0.0820538494872
-25,0.0862506069962
-24,0.0906408183699
-23,0.0952312047882
-22,0.100028493462
-21,0.105039390316
-20,0.110270549942
-19,0.115728542783
-18,0.121419819485
-17,0.127350672425
-16,0.133527194437
-15,0.1399552348
-14,0.146640352594
-13,0.153587767589
-12,0.160802308866
-11,0.168288361449
-10,0.176049811264
-9,0.184089988827
-8,0.192411612106
-7,0.201016729089
-6,0.209906660634
-5,0.219081944264
-4,0.228542279588
-3,0.238286476138
-2,0.248312404396
-1,0.258616950855
0,0.269195977965
1,0.28004428983
2,0.291155604475
3,0.302522533543
4,0.314136570136
5,0.325988085544
6,0.338066335436
7,0.350359476019
8,0.362854590538
9,0.375537726324
10,0.388393942456
11,0.401407367923
12,0.414561269988
13,0.427838132282
14,0.441219741955
15,0.454687285074
16,0.468221449241
17,0.481802532306
18,0.495410555896
19,0.509025382382
20,0.522626833847
21,0.536194811554
22,0.549709414431
23,0.563151055065
24,0.576500571816
25,0.589739335672
26,0.602849350638
27,0.615813346545
28,0.628614863333
29,0.641238326044
30,0.653669109899
31,0.665893595062
32,0.677899210852
33,0.689674469337
34,0.70120898843
35,0.712493504758
36,0.723519876707
37,0.734281078182
38,0.744771183719
39,0.754985345666
40,0.764919764226
41,0.774571651182
42,0.783939188155
43,0.793021480264
44,0.801818506016
45,0.810331064273
46,0.818560719066
47,0.826509742999
48,0.834181059948
49,0.841578187654
50,0.848705180809
51,0.855566575105
52,0.862167332702
53,0.868512789473
54,0.874608604339
55,0.880460710938
56,0.886075271831
57,0.891458635365
58,0.89661729531
59,0.901557853308
60,0.906286984145
61,0.91081140385
62,0.915137840538
63,0.919273007967
64,0.92322358169
65,0.926996177712
66,0.930597333538
67,0.934033491469
68,0.937310984039
69,0.94043602144
