,prob
-100,0.00413280921446
-99,0.00436362622648
-98,0.0046072747079
-97,0.00486446113623
-96,0.00513593010147
-95,0.00542246627208
-94,0.00572489645173
-93,0.00604409173017
-92,0.00638096973076
-91,0.00673649695775
-90,0.00711169124581
-89,0.00750762431442
-88,0.00792542442945
-87,0.00836627917399
-86,0.00883143833021
-85,0.00932221687372
-84,0.00983999808145
-83,0.0103862367535
-82,0.010962462549
-81,0.0115702834355
-80,0.0122113892497
-79,0.0128875553684
-78,0.013600646485
-77,0.014352620489
-76,0.0151455324404
-75,0.0159815386343
-74,0.016862900746
-73,0.0177919900459
-72,0.0187712916733
-71,0.0198034089526
-70,0.0208910677371
-69,0.0220371207596
-68,0.0232445519684
-67,0.0245164808216
-66,0.0258561665137
-65,0.0272670120983
-64,0.0287525684731
-63,0.0303165381851
-62,0.0319627790102
-61,0.0336953072568
-60,0.0355183007374
-59,0.0374361013481
-58,0.0394532171855
-57,0.0415743241317
-56,0.0438042668244
-55,0.0461480589278
-54,0.04861088261
-53,0.0511980871297
-52,0.0539151864235
-51,0.0567678555837
-50,0.059761926107
-49,0.0629033797897
-48,0.0661983411417
-47,0.0696530681842
-46,0.0732739414962
-45,0.077067451371
-44,0.0810401829433
-43,0.085198799152
-42,0.0895500214041
-41,0.0941006078134
-40,0.0988573288973
-39,0.103826940626
-38,0.109016154734
-37,0.114431606232
-36,0.120079818061
-35,0.125967162889
-34,0.132099822055
-33,0.138483741724
-32,0.145124586351
-31,0.1520276896
-30,0.159198002917
-29,0.166640042023
-28,0.174357831634
-27,0.182354848799
-26,0.190633965301
-25,0.199197389639
-24,0.208046609161
-23,0.217182333011
-22,0.226604436579
-21,0.236311908216
-20,0.246302799028
-19,0.256574176576
-18,0.267122083346
-17,0.277941500872
-16,0.289026320353
-15,0.300369320622
-14,0.31196215424
-13,0.323795342436
-12,0.335858279542
-11,0.348139247431
-10,0.360625440365
-9,0.373303000504
-8,0.386157064156
-7,0.399171818701
-6,0.412330569906
-5,0.42561581919
-4,0.439009350193
-3,0.452492323842
-2,0.466045380914
-1,0.479648750971
0,0.493282366384
1,0.506925980073
2,0.520559285508
3,0.534162037451
4,0.547714171934
5,0.561195923954
6,0.574587941427
7,0.587871394037
8,0.601028075691
9,0.614040499466
10,0.626891984035
11,0.639566730791
12,0.652049891004
13,0.664327622581
14,0.676387136154
15,0.688216730426
16,0.699805816859
17,0.711144933951
18,0.722225751524
19,0.733041065526
20,0.743584783996
21,0.753851904907
22,0.763838486689
23,0.773541612247
24,0.78295934736
25,0.792090694315
26,0.800935541642
27,0.809494610791
28,0.817769400559
29,0.825762130008
30,0.833475680602
31,0.840913538187
32,0.848079735399
33,0.854978795027
34,0.861615674751
35,0.867995713668
36,0.874124580897
37,0.88000822654
38,0.885652835181
39,0.891064782082
40,0.896250592178
41,0.901216901909
42,0.905970423922
43,0.910517914627
44,0.914866144545
45,0.919021871408
46,0.922991815886
47,0.926782639869
48,0.930400927166
49,0.933853166502
50,0.937145736674
51,0.940284893744
52,0.943276760105
53,0.946127315313
54,0.948842388517
55,0.95142765238
56,0.953888618349
57,0.956230633145
58,0.958458876371
59,0.960578359112
60,0.962593923423
61,0.964510242617
62,0.966331822236
63,0.968063001656
64,0.9697079562
65,0.971270699734
66,0.972755087635
67,0.974164820109
68,0.975503445765
69,0.97677436543
70,0.977980836133
71,0.979125975229
72,0.980212764632
73,0.981244055103
74,0.982222570592
75,0.983150912586
76,0.984031564452
77,0.984866895755
78,0.985659166529
79,0.986410531492
80,0.987123044191
81,0.987798661061
82,0.988439245403
83,0.989046571259
84,0.989622327188
85,0.990168119935
86,0.990685477991
87,0.991175855038
88,0.991640633286
89,0.992081126693
90,0.992498584067
91,0.992894192066
92,0.99326907807
93,0.993624312956
94,0.993960913757
95,0.994279846211
96,0.994582027214
97,0.994868327164
98,0.995139572203
99,0.995396546373
100,0.995639993668
