,prob
-100,0.00637568704384
-99,0.00673092193028
-98,0.00710580793432
-97,0.00750141593277
-96,0.00791887330732
-95,0.00835936671376
-94,0.0088241449621
-93,0.0093145220092
-92,0.00983188006491
-91,0.0103776728122
-90,0.0109534287413
-89,0.0115607545972
-88,0.012201338939
-87,0.0128769558089
-86,0.0135894685075
-85,0.0143408334711
-84,0.0151331042453
-83,0.0159684355482
-82,0.016849087414
-81,0.0177774294076
-80,0.0187559448966
-79,0.0197872353678
-78,0.0208740247707
-77,0.0220191638674
-76,0.0232256345699
-75,0.0244965542348
-74,0.0258351798909
-73,0.0272449123646
-72,0.0287293002664
-71,0.0302920437998
-70,0.0319369983442
-69,0.0336681777635
-68,0.0354897573835
-67,0.0374060765767
-66,0.0394216408883
-65,0.0415411236289
-64,0.043769366855
-63,0.0461113816509
-62,0.0485723476196
-61,0.0511576114834
-60,0.0538726846873
-59,0.0567232398949
-58,0.0597151062564
-57,0.0628542633257
-56,0.0661468334982
-55,0.0695990728336
-54,0.073217360131
-53,0.0770081841142
-52,0.0809781285921
-51,0.0851338554548
-50,0.0894820853735
-49,0.0940295760776
-48,0.0987830980909
-47,0.103749407822
-46,0.108935217918
-45,0.114347164819
-44,0.11999177346
-43,0.125875419103
-42,0.132004286332
-41,0.138384325249
-40,0.145021204973
-39,0.151920264601
-38,0.159086461813
-37,0.166524319398
-36,0.174237869992
-35,0.182230599441
-34,0.190505389209
-33,0.199064458358
-32,0.207909305685
-31,0.21704065264
-30,0.226458387753
-29,0.236161513311
-28,0.246148095093
-27,0.256415216004
-26,0.266958934474
-25,0.277774248476
-24,0.288855066049
-23,0.300194183141
-22,0.311783269574
-21,0.323612863846
-20,0.335672377419
-19,0.347950108996
-18,0.360433269209
-17,0.373108015965
-16,0.385959500534
-15,0.398971924309
-14,0.412128605963
-13,0.425412058573
-12,0.438804076046
-11,0.452285828066
-10,0.465837962549
-9,0.479440714492
-8,0.493074019927
-7,0.506717633616
-6,0.520351249029
-5,0.533954619086
-4,0.547507676158
-3,0.560990649807
-2,0.57438418081
-1,0.587669430094
0,0.600828181299
1,0.613842935844
2,0.626696999496
3,0.639374559635
4,0.651860752569
5,0.664141720458
6,0.676204657564
7,0.68803784576
8,0.699630679378
9,0.710973679647
10,0.722058499128
11,0.732877916654
12,0.743425823424
13,0.753697200972
14,0.763688091784
15,0.773395563421
16,0.782817666989
17,0.791953390839
18,0.800802610361
19,0.809366034699
20,0.817645151201
21,0.825642168366
22,0.833359957977
23,0.840801997083
24,0.8479723104
25,0.854875413649
26,0.861516258276
27,0.867900177945
28,0.874032837111
29,0.879920181939
30,0.885568393768
31,0.890983845266
32,0.896173059374
33,0.901142671103
34,0.905899392187
35,0.910449978596
36,0.914801200848
37,0.918959817057
38,0.922932548629
39,0.926726058504
40,0.930346931816
41,0.933801658858
42,0.93709662021
43,0.940238073893
44,0.943232144416
45,0.946084813577
46,0.94880191287
47,0.95138911739
48,0.953851941072
49,0.956195733176
50,0.958425675868
51,0.960546782815
52,0.962563898652
53,0.964481699263
54,0.966304692743
55,0.96803722099
56,0.969683461815
57,0.971247431527
58,0.972732987902
59,0.974143833486
60,0.975483519178
61,0.976755448032
62,0.97796287924
63,0.979108932263
64,0.980196591047
65,0.981228708327
66,0.982208009954
67,0.983137099254
68,0.984018461366
69,0.98485446756
70,0.985647379511
71,0.986399353515
72,0.987112444632
73,0.98778861075
74,0.988429716564
75,0.989037537451
76,0.989613763246
77,0.990160001919
78,0.990677783126
79,0.99116856167
80,0.991633720826
81,0.992074575571
82,0.992492375686
83,0.992888308754
84,0.993263503042
85,0.993619030269
86,0.99395590827
87,0.994275103548
88,0.994577533728
89,0.994864069899
90,0.995135538864
91,0.995392725292
92,0.995636373774
93,0.995867190786
94,0.996085846571
95,0.996292976932
96,0.996489184938
97,0.996675042563
98,0.996851092237
99,0.997017848333
100,0.997175798578
