,prob
-100,0.00282420142183
-99,0.00298215166669
-98,0.00314890776277
-97,0.00332495743712
-96,0.00351081506206
-95,0.00370702306841
-94,0.00391415342889
-93,0.00413280921446
-92,0.00436362622648
-91,0.0046072747079
-90,0.00486446113623
-89,0.00513593010147
-88,0.00542246627208
-87,0.00572489645173
-86,0.00604409173017
-85,0.00638096973076
-84,0.00673649695775
-83,0.00711169124581
-82,0.00750762431442
-81,0.00792542442945
-80,0.00836627917399
-79,0.00883143833021
-78,0.00932221687372
-77,0.00983999808145
-76,0.0103862367535
-75,0.010962462549
-74,0.0115702834355
-73,0.0122113892497
-72,0.0128875553684
-71,0.013600646485
-70,0.014352620489
-69,0.0151455324404
-68,0.0159815386343
-67,0.016862900746
-66,0.0177919900459
-65,0.0187712916733
-64,0.0198034089526
-63,0.0208910677371
-62,0.0220371207596
-61,0.0232445519684
-60,0.0245164808216
-59,0.0258561665137
-58,0.0272670120983
-57,0.0287525684731
-56,0.0303165381851
-55,0.0319627790102
-54,0.0336953072568
-53,0.0355183007374
-52,0.0374361013481
-51,0.0394532171855
-50,0.0415743241317
-49,0.0438042668244
-48,0.0461480589278
-47,0.04861088261
-46,0.0511980871297
-45,0.0539151864235
-44,0.0567678555837
-43,0.059761926107
-42,0.0629033797897
-41,0.0661983411417
-40,0.0696530681842
-39,0.0732739414962
-38,0.077067451371
-37,0.0810401829433
-36,0.085198799152
-35,0.0895500214041
-34,0.0941006078134
-33,0.0988573288973
-32,0.103826940626
-31,0.109016154734
-30,0.114431606232
-29,0.120079818061
-28,0.125967162889
-27,0.132099822055
-26,0.138483741724
-25,0.145124586351
-24,0.1520276896
-23,0.159198002917
-22,0.166640042023
-21,0.174357831634
-20,0.182354848799
-19,0.190633965301
-18,0.199197389639
-17,0.208046609161
-16,0.217182333011
-15,0.226604436579
-14,0.236311908216
-13,0.246302799028
-12,0.256574176576
-11,0.267122083346
-10,0.277941500872
-9,0.289026320353
-8,0.300369320622
-7,0.31196215424
-6,0.323795342436
-5,0.335858279542
-4,0.348139247431
-3,0.360625440365
-2,0.373303000504
-1,0.386157064156
0,0.399171818701
1,0.412330569906
2,0.42561581919
3,0.439009350193
4,0.452492323842
5,0.466045380914
6,0.479648750971
7,0.493282366384
8,0.506925980073
9,0.520559285508
10,0.534162037451
11,0.547714171934
12,0.561195923954
13,0.574587941427
14,0.587871394037
15,0.601028075691
16,0.614040499466
17,0.626891984035
18,0.639566730791
19,0.652049891004
20,0.664327622581
21,0.676387136154
22,0.688216730426
23,0.699805816859
24,0.711144933951
25,0.722225751524
26,0.733041065526
27,0.743584783996
28,0.753851904907
29,0.763838486689
30,0.773541612247
31,0.78295934736
32,0.792090694315
33,0.800935541642
34,0.809494610791
35,0.817769400559
36,0.825762130008
37,0.833475680602
38,0.840913538187
39,0.848079735399
40,0.854978795027
41,0.861615674751
42,0.867995713668
43,0.874124580897
44,0.88000822654
45,0.885652835181
46,0.891064782082
47,0.896250592178
48,0.901216901909
49,0.905970423922
50,0.910517914627
51,0.914866144545
52,0.919021871408
53,0.922991815886
54,0.926782639869
55,0.930400927166
56,0.933853166502
57,0.937145736674
58,0.940284893744
59,0.943276760105
60,0.946127315313
61,0.948842388517
62,0.95142765238
63,0.953888618349
64,0.956230633145
65,0.958458876371
66,0.960578359112
67,0.962593923423
68,0.964510242617
69,0.966331822236
70,0.968063001656
71,0.9697079562
72,0.971270699734
73,0.972755087635
74,0.974164820109
75,0.975503445765
76,0.97677436543
77,0.977980836133
78,0.979125975229
79,0.980212764632
80,0.981244055103
81,0.982222570592
82,0.983150912586
83,0.984031564452
84,0.984866895755
85,0.985659166529
86,0.986410531492
87,0.987123044191
88,0.987798661061
89,0.988439245403
90,0.989046571259
91,0.989622327188
92,0.990168119935
93,0.990685477991
94,0.991175855038
95,0.991640633286
96,0.992081126693
97,0.992498584067
98,0.992894192066
99,0.99326907807
100,0.993624312956
