,1101,1102,1103,1104,1105,1106,1107,1108,1109,1110,1111,1112,1113,1114,1115,1116,1117,1118,1119,1120,1121,1122,1123,1124,1125,1126,1127,1128,1129,1130,1131,1132,1133,1134,1135,1136,1137,1138,1139,1140,1141,1142,1143,1144,1145,1146,1147,1148,1149,1150,1151,1152,1153,1154,1155,1156,1157,1158,1159,1160,1161,1162,1163,1164,1165,1166,1167,1168,1169,1170,1171,1172,1173,1174,1175,1176,1177,1178,1179,1180,1181,1182,1183,1184,1185,1186,1187,1188,1189,1190,1191,1192,1193,1194,1195,1196,1197,1198,1199,1200,1201,1202,1203,1204,1205,1206,1207,1208,1209,1210,1211,1212,1213,1214,1215,1216,1217,1218,1219,1220,1221,1222,1223,1224,1225,1226,1227,1228,1229,1230,1231,1232,1233,1234,1235,1236,1237,1238,1239,1240,1241,1242,1243,1244,1245,1246,1247,1248,1249,1250,1251,1252,1253,1254,1255,1256,1257,1258,1259,1260,1261,1262,1263,1264,1265,1266,1267,1268,1269,1270,1271,1272,1273,1274,1275,1276,1277,1278,1279,1280,1281,1282,1283,1284,1285,1286,1287,1288,1289,1290,1291,1292,1293,1294,1295,1296,1297,1298,1299,1300,1301,1302,1303,1304,1305,1306,1307,1308,1309,1310,1311,1312,1313,1314,1315,1316,1317,1318,1319,1320,1321,1322,1323,1324,1325,1326,1327,1328,1329,1330,1331,1332,1333,1334,1335,1336,1337,1338,1339,1340,1341,1342,1343,1344,1345,1346,1347,1348,1349,1350,1351,1352,1353,1354,1355,1356,1357,1358,1359,1360,1361,1362,1363,1364,1365,1366,1367,1368,1369,1370,1371,1372,1373,1374,1375,1376,1377,1378,1379,1380,1381,1382,1383,1384,1385,1386,1387,1388,1389,1390,1391,1392,1393,1394,1395,1396,1397,1398,1399,1400,1401,1402,1403,1404,1405,1406,1407,1408,1409,1410,1411,1412,1413,1414,1415,1416,1417,1418,1419,1420,1421,1422,1423,1424,1425,1426,1427,1428,1429,1430,1431,1432,1433,1434,1435,1436,1437,1438,1439,1440,1441,1442,1443,1444,1445,1446,1447,1448,1449,1450,1451,1452,1453,1454,1455,1456,1457,1458,1459,1460,1461,1462,1463,1464
1985,,,,,,,,,,,,,,,,,,,,,,,,,,,,,,,,,,,,,,,,,,,,,,,,,,,,,,,,,,,,,,,,,,,,,,,,,,,,,,,,,,,,,,,,,,,,,,,,,,,,,,,,,,,,,,,,,,,,,,,,,,,,,,,,,,,,,,,,,,,,,,,,,,,,,,,,,,,,,,,,,,,,,,,,,,,,,,,,,,,,,,,,,,,,,,,,,,,,,,,,,,,,,,,,,,,,,,,,,,,,,,,,,,,,,,,,,,,,,,,,,,,,,,,,,,,,,,,,,,,,,,,,,,,,,,,,,,,,,,,,,,,,,,,,,,,,,,,,,,,,,,,,,,,,,,,,,,,,,,,,,,,,,,,,,,,,,,,,,,,,,,,,,,,,,,,,,,,,,,,,,,,,
1986,,,,,,,,,,,,,,,,,,,,,,,,,,,,,,,,,,,,,,,,,,,,,,,,,,,,,,,,,,,,,,,,,,,,,,,,,,,,,,,,,,,,,,,,,,,,,,,,,,,,,,,,,,,,,,,,,,,,,,,,,,,,,,,,,,,,,,,,,,,,,,,,,,,,,,,,,,,,,,,,,,,,,,,,,,,,,,,,,,,,,,,,,,,,,,,,,,,,,,,,,,,,,,,,,,,,,,,,,,,,,,,,,,,,,,,,,,,,,,,,,,,,,,,,,,,,,,,,,,,,,,,,,,,,,,,,,,,,,,,,,,,,,,,,,,,,,,,,,,,,,,,,,,,,,,,,,,,,,,,,,,,,,,,,,,,,,,,,,,,,,,,,,,,,,,,,,,,,,,,,,,,,
1987,,,,,,,,,,,,,,,,,,,,,,,,,,,,,,,,,,,,,,,,,,,,,,,,,,,,,,,,,,,,,,,,,,,,,,,,,,,,,,,,,,,,,,,,,,,,,,,,,,,,,,,,,,,,,,,,,,,,,,,,,,,,,,,,,,,,,,,,,,,,,,,,,,,,,,,,,,,,,,,,,,,,,,,,,,,,,,,,,,,,,,,,,,,,,,,,,,,,,,,,,,,,,,,,,,,,,,,,,,,,,,,,,,,,,,,,,,,,,,,,,,,,,,,,,,,,,,,,,,,,,,,,,,,,,,,,,,,,,,,,,,,,,,,,,,,,,,,,,,,,,,,,,,,,,,,,,,,,,,,,,,,,,,,,,,,,,,,,,,,,,,,,,,,,,,,,,,,,,,,,,,,,
1988,,,,,,,,,,,,,,,,,,,,,,,,,,,,,,,,,,,,,,,,,,,,,,,,,,,,,,,,,,,,,,,,,,,,,,,,,,,,,,,,,,,,,,,,,,,,,,,,,,,,,,,,,,,,,,,,,,,,,,,,,,,,,,,,,,,,,,,,,,,,,,,,,,,,,,,,,,,,,,,,,,,,,,,,,,,,,,,,,,,,,,,,,,,,,,,,,,,,,,,,,,,,,,,,,,,,,,,,,,,,,,,,,,,,,,,,,,,,,,,,,,,,,,,,,,,,,,,,,,,,,,,,,,,,,,,,,,,,,,,,,,,,,,,,,,,,,,,,,,,,,,,,,,,,,,,,,,,,,,,,,,,,,,,,,,,,,,,,,,,,,,,,,,,,,,,,,,,,,,,,,,,,
1989,,,,,,,,,,,,,,,,,,,,,,,,,,,,,,,,,,,,,,,,,,,,,,,,,,,,,,,,,,,,,,,,,,,,,,,,,,,,,,,,,,,,,,,,,,,,,,,,,,,,,,,,,,,,,,,,,,,,,,,,,,,,,,,,,,,,,,,,,,,,,,,,,,,,,,,,,,,,,,,,,,,,,,,,,,,,,,,,,,,,,,,,,,,,,,,,,,,,,,,,,,,,,,,,,,,,,,,,,,,,,,,,,,,,,,,,,,,,,,,,,,,,,,,,,,,,,,,,,,,,,,,,,,,,,,,,,,,,,,,,,,,,,,,,,,,,,,,,,,,,,,,,,,,,,,,,,,,,,,,,,,,,,,,,,,,,,,,,,,,,,,,,,,,,,,,,,,,,,,,,,,,,
1990,,,,,,,,,,,,,,,,,,,,,,,,,,,,,,,,,,,,,,,,,,,,,,,,,,,,,,,,,,,,,,,,,,,,,,,,,,,,,,,,,,,,,,,,,,,,,,,,,,,,,,,,,,,,,,,,,,,,,,,,,,,,,,,,,,,,,,,,,,,,,,,,,,,,,,,,,,,,,,,,,,,,,,,,,,,,,,,,,,,,,,,,,,,,,,,,,,,,,,,,,,,,,,,,,,,,,,,,,,,,,,,,,,,,,,,,,,,,,,,,,,,,,,,,,,,,,,,,,,,,,,,,,,,,,,,,,,,,,,,,,,,,,,,,,,,,,,,,,,,,,,,,,,,,,,,,,,,,,,,,,,,,,,,,,,,,,,,,,,,,,,,,,,,,,,,,,,,,,,,,,,,,
1991,,,,,,,,,,,,,,,,,,,,,,,,,,,,,,,,,,,,,,,,,,,,,,,,,,,,,,,,,,,,,,,,,,,,,,,,,,,,,,,,,,,,,,,,,,,,,,,,,,,,,,,,,,,,,,,,,,,,,,,,,,,,,,,,,,,,,,,,,,,,,,,,,,,,,,,,,,,,,,,,,,,,,,,,,,,,,,,,,,,,,,,,,,,,,,,,,,,,,,,,,,,,,,,,,,,,,,,,,,,,,,,,,,,,,,,,,,,,,,,,,,,,,,,,,,,,,,,,,,,,,,,,,,,,,,,,,,,,,,,,,,,,,,,,,,,,,,,,,,,,,,,,,,,,,,,,,,,,,,,,,,,,,,,,,,,,,,,,,,,,,,,,,,,,,,,,,,,,,,,,,,,,
1992,,,,,,,,,,,,,,,,,,,,,,,,,,,,,,,,,,,,,,,,,,,,,,,,,,,,,,,,,,,,,,,,,,,,,,,,,,,,,,,,,,,,,,,,,,,,,,,,,,,,,,,,,,,,,,,,,,,,,,,,,,,,,,,,,,,,,,,,,,,,,,,,,,,,,,,,,,,,,,,,,,,,,,,,,,,,,,,,,,,,,,,,,,,,,,,,,,,,,,,,,,,,,,,,,,,,,,,,,,,,,,,,,,,,,,,,,,,,,,,,,,,,,,,,,,,,,,,,,,,,,,,,,,,,,,,,,,,,,,,,,,,,,,,,,,,,,,,,,,,,,,,,,,,,,,,,,,,,,,,,,,,,,,,,,,,,,,,,,,,,,,,,,,,,,,,,,,,,,,,,,,,,
1993,,,,,,,,,,,,,,,,,,,,,,,,,,,,,,,,,,,,,,,,,,,,,,,,,,,,,,,,,,,,,,,,,,,,,,,,,,,,,,,,,,,,,,,,,,,,,,,,,,,,,,,,,,,,,,,,,,,,,,,,,,,,,,,,,,,,,,,,,,,,,,,,,,,,,,,,,,,,,,,,,,,,,,,,,,,,,,,,,,,,,,,,,,,,,,,,,,,,,,,,,,,,,,,,,,,,,,,,,,,,,,,,,,,,,,,,,,,,,,,,,,,,,,,,,,,,,,,,,,,,,,,,,,,,,,,,,,,,,,,,,,,,,,,,,,,,,,,,,,,,,,,,,,,,,,,,,,,,,,,,,,,,,,,,,,,,,,,,,,,,,,,,,,,,,,,,,,,,,,,,,,,,
1994,,,,,,,,,,,,,,,,,,,,,,,,,,,,,,,,,,,,,,,,,,,,,,,,,,,,,,,,,,,,,,,,,,,,,,,,,,,,,,,,,,,,,,,,,,,,,,,,,,,,,,,,,,,,,,,,,,,,,,,,,,,,,,,,,,,,,,,,,,,,,,,,,,,,,,,,,,,,,,,,,,,,,,,,,,,,,,,,,,,,,,,,,,,,,,,,,,,,,,,,,,,,,,,,,,,,,,,,,,,,,,,,,,,,,,,,,,,,,,,,,,,,,,,,,,,,,,,,,,,,,,,,,,,,,,,,,,,,,,,,,,,,,,,,,,,,,,,,,,,,,,,,,,,,,,,,,,,,,,,,,,,,,,,,,,,,,,,,,,,,,,,,,,,,,,,,,,,,,,,,,,,,
1995,,,,,,,,,,,,,,,,,,,,,,,,,,,,,,,,,,,,,,,,,,,,,,,,,,,,,,,,,,,,,,,,,,,,,,,,,,,,,,,,,,,,,,,,,,,,,,,,,,,,,,,,,,,,,,,,,,,,,,,,,,,,,,,,,,,,,,,,,,,,,,,,,,,,,,,,,,,,,,,,,,,,,,,,,,,,,,,,,,,,,,,,,,,,,,,,,,,,,,,,,,,,,,,,,,,,,,,,,,,,,,,,,,,,,,,,,,,,,,,,,,,,,,,,,,,,,,,,,,,,,,,,,,,,,,,,,,,,,,,,,,,,,,,,,,,,,,,,,,,,,,,,,,,,,,,,,,,,,,,,,,,,,,,,,,,,,,,,,,,,,,,,,,,,,,,,,,,,,,,,,,,,
1996,,,,,,,,,,,,,,,,,,,,,,,,,,,,,,,,,,,,,,,,,,,,,,,,,,,,,,,,,,,,,,,,,,,,,,,,,,,,,,,,,,,,,,,,,,,,,,,,,,,,,,,,,,,,,,,,,,,,,,,,,,,,,,,,,,,,,,,,,,,,,,,,,,,,,,,,,,,,,,,,,,,,,,,,,,,,,,,,,,,,,,,,,,,,,,,,,,,,,,,,,,,,,,,,,,,,,,,,,,,,,,,,,,,,,,,,,,,,,,,,,,,,,,,,,,,,,,,,,,,,,,,,,,,,,,,,,,,,,,,,,,,,,,,,,,,,,,,,,,,,,,,,,,,,,,,,,,,,,,,,,,,,,,,,,,,,,,,,,,,,,,,,,,,,,,,,,,,,,,,,,,,,
1997,,,,,,,,,,,,,,,,,,,,,,,,,,,,,,,,,,,,,,,,,,,,,,,,,,,,,,,,,,,,,,,,,,,,,,,,,,,,,,,,,,,,,,,,,,,,,,,,,,,,,,,,,,,,,,,,,,,,,,,,,,,,,,,,,,,,,,,,,,,,,,,,,,,,,,,,,,,,,,,,,,,,,,,,,,,,,,,,,,,,,,,,,,,,,,,,,,,,,,,,,,,,,,,,,,,,,,,,,,,,,,,,,,,,,,,,,,,,,,,,,,,,,,,,,,,,,,,,,,,,,,,,,,,,,,,,,,,,,,,,,,,,,,,,,,,,,,,,,,,,,,,,,,,,,,,,,,,,,,,,,,,,,,,,,,,,,,,,,,,,,,,,,,,,,,,,,,,,,,,,,,,,
1998,,,,,,,,,,,,,,,,,,,,,,,,,,,,,,,,,,,,,,,,,,,,,,,,,,,,,,,,,,,,,,,,,,,,,,,,,,,,,,,,,,,,,,,,,,,,,,,,,,,,,,,,,,,,,,,,,,,,,,,,,,,,,,,,,,,,,,,,,,,,,,,,,,,,,,,,,,,,,,,,,,,,,,,,,,,,,,,,,,,,,,,,,,,,,,,,,,,,,,,,,,,,,,,,,,,,,,,,,,,,,,,,,,,,,,,,,,,,,,,,,,,,,,,,,,,,,,,,,,,,,,,,,,,,,,,,,,,,,,,,,,,,,,,,,,,,,,,,,,,,,,,,,,,,,,,,,,,,,,,,,,,,,,,,,,,,,,,,,,,,,,,,,,,,,,,,,,,,,,,,,,,,
1999,,,,,,,,,,,,,,,,,,,,,,,,,,,,,,,,,,,,,,,,,,,,,,,,,,,,,,,,,,,,,,,,,,,,,,,,,,,,,,,,,,,,,,,,,,,,,,,,,,,,,,,,,,,,,,,,,,,,,,,,,,,,,,,,,,,,,,,,,,,,,,,,,,,,,,,,,,,,,,,,,,,,,,,,,,,,,,,,,,,,,,,,,,,,,,,,,,,,,,,,,,,,,,,,,,,,,,,,,,,,,,,,,,,,,,,,,,,,,,,,,,,,,,,,,,,,,,,,,,,,,,,,,,,,,,,,,,,,,,,,,,,,,,,,,,,,,,,,,,,,,,,,,,,,,,,,,,,,,,,,,,,,,,,,,,,,,,,,,,,,,,,,,,,,,,,,,,,,,,,,,,,,
2000,,,,,,,,,,,,,,,,,,,,,,,,,,,,,,,,,,,,,,,,,,,,,,,,,,,,,,,,,,,,,,,,,,,,,,,,,,,,,,,,,,,,,,,,,,,,,,,,,,,,,,,,,,,,,,,,,,,,,,,,,,,,,,,,,,,,,,,,,,,,,,,,,,,,,,,,,,,,,,,,,,,,,,,,,,,,,,,,,,,,,,,,,,,,,,,,,,,,,,,,,,,,,,,,,,,,,,,,,,,,,,,,,,,,,,,,,,,,,,,,,,,,,,,,,,,,,,,,,,,,,,,,,,,,,,,,,,,,,,,,,,,,,,,,,,,,,,,,,,,,,,,,,,,,,,,,,,,,,,,,,,,,,,,,,,,,,,,,,,,,,,,,,,,,,,,,,,,,,,,,,,,,
2001,,,,,,,,,,,,,,,,,,,,,,,,,,,,,,,,,,,,,,,,,,,,,,,,,,,,,,,,,,,,,,,,,,,,,,,,,,,,,,,,,,,,,,,,,,,,,,,,,,,,,,,,,,,,,,,,,,,,,,,,,,,,,,,,,,,,,,,,,,,,,,,,,,,,,,,,,,,,,,,,,,,,,,,,,,,,,,,,,,,,,,,,,,,,,,,,,,,,,,,,,,,,,,,,,,,,,,,,,,,,,,,,,,,,,,,,,,,,,,,,,,,,,,,,,,,,,,,,,,,,,,,,,,,,,,,,,,,,,,,,,,,,,,,,,,,,,,,,,,,,,,,,,,,,,,,,,,,,,,,,,,,,,,,,,,,,,,,,,,,,,,,,,,,,,,,,,,,,,,,,,,,,
2002,,,,,,,,,,,,,,,,,,,,,,,,,,,,,,,,,,,,,,,,,,,,,,,,,,,,,,,,,,,,,,,,,,,,,,,,,,,,,,,,,,,,,,,,,,,,,,,,,,,,,,,,,,,,,,,,,,,,,,,,,,,,,,,,,,,,,,,,,,,,,,,,,,,,,,,,,,,,,,,,,,,,,,,,,,,,,,,,,,,,,,,,,,,,,,,,,,,,,,,,,,,,,,,,,,,,,,,,,,,,,,,,,,,,,,,,,,,,,,,,,,,,,,,,,,,,,,,,,,,,,,,,,,,,,,,,,,,,,,,,,,,,,,,,,,,,,,,,,,,,,,,,,,,,,,,,,,,,,,,,,,,,,,,,,,,,,,,,,,,,,,,,,,,,,,,,,,,,,,,,,,,,
2003,,1.0376944458,1.10352762742,0.975871313673,1.00576561573,0.943383761644,1.09591873659,0.986589255049,,0.959888349013,1.01963700922,0.914203383529,0.989334812897,1.00540623639,1.03272962323,0.988932239828,1.04754346728,,1.06883771027,0.963460031348,,0.995968181323,1.07458748984,0.997188085815,1.00990780766,1.05107594709,0.974864640017,0.991423771772,0.965208209935,1.07531843073,0.955449282658,1.04592011627,1.01941452872,,1.01942360638,,0.934327098861,1.07262214206,1.01050825649,0.957880434783,1.01453255795,0.987844973598,0.984739698688,1.13659858624,1.00350117126,,1.0876238416,1.03646091897,0.97585942165,1.01656239421,1.0523176339,1.10427791076,0.941910075484,1.03656414989,1.02370024425,1.07038409047,1.03149259874,0.972535993845,1.00949625449,0.984509388421,1.06380383067,1.0197593587,0.973083475298,1.02270875613,1.0398562465,0.928808146212,,1.06411967906,1.01461291326,1.02452124589,1.04525811635,0.988774048159,1.02601040416,0.974745673059,1.02167276245,0.995080878463,0.979649658103,1.0005706172,1.07738515412,0.946825555778,0.961299939691,1.04050205051,1.08417533341,1.09496795733,1.07715079592,0.945389259847,1.0069348975,,1.05404198303,1.00007170686,1.09795364432,1.04009661836,0.964000463017,1.032044717,,0.951770625653,1.00733354309,1.00531951641,0.945047680838,1.09571205008,0.968309859155,1.02766798419,1.03811396848,1.06467884471,1.01325151299,0.924849179701,0.931463350093,1.03693014103,1.039400715,0.978831328629,0.975103495197,1.07094602603,,0.959107806691,,0.984899122867,1.00130985301,0.97963314358,1.0763477636,1.01463994649,0.884406313446,1.00515044728,,1.02455893558,0.994580809691,1.00242522231,0.998713513108,0.904904019749,1.06689734717,,1.01005818199,1.04044619724,0.991960953201,0.979330773163,0.971537791416,1.0566632065,1.02355586852,0.984512229672,1.00679431748,1.02119955472,1.00471905871,0.902313566427,0.973970216629,,1.05418980984,0.920329362141,1.03885029219,1.0525275625,0.954462557949,0.981090790816,0.981977593765,1.08703736863,1.12584510925,1.06319144947,,1.05425634156,0.937589154275,1.02603404631,1.0786961521,1.03791251304,0.923787528868,,1.00044822949,0.943034026011,1.0404442455,1.0012680968,1.03839273074,0.897465092587,1.02011376936,1.00006607202,1.06412695035,0.934650362918,1.01204341577,0.96898883195,1.00886848229,1.00892433068,0.935909974374,0.996467744934,0.998175059142,0.901013328009,0.967287745811,1.11492916725,0.936539219551,0.968128568299,1.04832704041,1.0176234731,1.06089734911,1.0807773584,1.07382151506,1.0619655864,1.02817786767,1.01016241361,1.02459184091,,,1.03445391207,,1.00754191989,1.13852919619,,1.01035114655,,,0.985599841512,1.00646848656,1.09147661481,1.10949471438,0.979401476875,1.02444891946,1.07592190889,1.08532502021,,0.955302588545,0.991179074623,,,1.09018882873,1.00435011234,1.0022864325,1.05862378907,1.05199215838,0.974011127201,0.987240133749,1.03065987694,1.0820079943,0.983122570487,,0.918329708348,0.91065118627,0.950978788375,0.99919759014,0.980469316323,0.998244027031,0.99451081692,0.918460833715,1.07149891668,1.07705276532,0.865535504119,1.0341807725,0.987403433797,0.995808764366,,1.02737989606,0.986548201242,0.933667211774,1.00905309518,1.04669695744,0.983167420814,0.997051307254,0.955773551817,1.01720507013,1.11732807848,0.983106045186,0.979778885261,,0.999633027523,1.06906758757,0.934810000663,1.038129944,0.98093443305,1.04709460015,1.05187024932,1.07010656197,0.973190278539,1.03802355838,1.03708228969,,1.01772826421,1.10640846996,,0.961591323687,0.973263545056,0.991072615035,1.00787619498,1.04705252178,0.995190529042,,0.977631124583,0.997032932003,1.00838141988,1.10308601445,1.06697021438,1.03877769429,0.989948603691,0.994870277202,0.896246089677,0.992597814593,0.955702120132,1.06403477852,0.970535641238,1.09705300427,1.00518639503,0.967403235813,1.05350045081,1.06975749947,1.0446985447,0.998934721342,1.18582865367,0.987786743375,0.974769043606,1.00749477823,0.990268879179,0.968590475047,1.0727295922,1.0270589566,1.06009018128,0.964497647983,0.995647708934,0.94024145103,1.02336182336,0.987935563356,0.958495303329,,0.983351652771,1.08465985586,0.956352646253,1.06158842496,0.971797400717,1.00921738701,1.03073053368,1.10832338684,1.05403022514,0.898571482417,0.994429919291,1.0090977014,0.956436848286,1.0096626821,0.973709834469,0.98396889283,,1.081740235,,0.950169762333,0.966540026143,1.01031575387,0.957097866001,0.986189594129,1.05244004513,1.06360870817,1.04099859539,1.09367148473,1.10955592315,0.956695474398,0.93600010185,,,1.02025540931,0.968885485246,1.01683856559,1.0867427097,0.993522721477,1.03261147801,1.07739424659,0.979378435469,1.02648006444,1.05931735336,0.963924140881,0.926586275417,1.07795362946,1.08726673224,1.00669065905,0.941730709748,0.966498253233,1.03917731796
2004,,0.920604391126,1.05143987404,1.00494509023,1.00835159628,0.925438094147,1.00612088753,1.03826691576,,0.983234774127,0.996765416817,1.03053305387,1.06666666667,0.977075231985,1.05321129789,0.997688851957,1.00683585642,,1.00659264943,0.971865653865,,0.946657271936,1.02651662139,1.09104503365,0.96036026601,0.996185314101,0.943054044251,0.978919023461,0.987350713566,0.965406275141,0.901337495037,1.04544253965,0.98171040266,,1.00658025922,,0.938948558508,1.0076718258,1.01246060886,0.978286474427,1.08923156789,1.02572390572,1.00014606488,1.11525870088,1.03537660158,,1.02590960008,1.02600660066,1.02340447777,0.972758535698,1.08101067986,1.09239016057,0.905904944791,1.06236270442,1.01583079717,1.05379850016,0.987575829823,0.959068419211,1.03867218994,1.01233886546,1.0353432471,0.999434891418,0.904143634572,0.938591630731,0.999580803505,0.938475590637,,1.0466295316,1.00249495367,0.998412465481,1.05647284039,1.00395299724,0.998053527981,0.950779727096,1.00899013703,1.02575619342,1.02706804958,0.961631598773,0.992373284632,0.96949178625,0.919402985075,1.03476273155,1.07014894436,1.03925519167,1.02359418567,1.00720938799,0.966316025067,,1.05244525363,0.921323413013,1.08317892734,1.01218120538,0.960670374342,1.03560534208,,1.00607574673,1.0072856851,1.03447226702,0.937579494385,1.07887378893,1.0085107619,0.965463214339,0.992254142563,0.948614628426,1.06449189827,0.957168897816,0.950189600874,0.991722527581,0.981904597533,0.913420234825,0.944384075867,1.00297449529,,0.9942692734,,1.02513156482,1.05827690811,0.988636363636,0.978907988118,1.01240353826,0.895048030808,0.985736477899,,0.97544184815,0.993168961469,1.07644913424,0.949895232144,0.959559947031,1.02561247216,,1.02414121764,0.999898795668,1.0357083224,0.969051179272,1.01309007305,1.08198037978,1.05687111801,0.920402827539,1.05639747558,1.05713345762,1.07015553034,0.967770553718,0.961097798903,,0.964613638708,0.917536191299,1.05840658856,1.03728067195,1.03522756493,0.957469659542,0.959021124322,1.12287059534,1.092858378,1.02632405604,,0.981386594165,0.861799726723,0.995568723103,1.08775748358,1.05341746544,0.967448429458,,0.942643523289,0.927618063345,1.03616608052,1.02306562933,1.03533377475,0.960485373008,1.06391265564,1.02953159684,1.04960366528,0.950064976004,1.08011941753,0.988611941405,1.00858931431,0.949112607883,1.03537395131,1.04525299156,1.00589196687,0.926760457888,1.05447101703,1.01833044649,0.965400380115,0.971327465747,1.03877083305,0.977722949809,1.11269216819,1.01351262966,,0.8900093166,1.02050877539,0.994661727857,0.971829999767,,,1.05577523989,,1.05558802983,0.985095812633,,0.969892804021,,,0.962275991911,0.946364719905,0.993833137964,1.05255189329,1.02047398897,1.02489194334,1.02174333534,1.09246664722,,0.979534532102,0.990402981052,,,1.03232299157,0.998711496852,1.03274495404,0.981505978782,1.0254968656,1.01411560602,1.03266235732,1.02796561888,1.02894840488,1.06553976978,,0.939684858604,0.93328968244,0.960041515309,1.06552048925,1.04071458247,1.0264365916,0.976729944887,0.955082742317,1.0435460519,1.0908969523,0.909240568845,1.06958260824,0.984291082922,1.04140510394,,0.948299385243,0.962869897618,0.930483758969,1.06251115815,1.01537642095,0.962091755047,0.981268771351,0.910867205403,1.01051401869,1.07424445982,0.971573395438,0.971187743526,,0.938585432372,1.04761547409,1.05451623363,1.07785628583,1.12338170651,1.02491796555,1.01452697245,1.05452608239,0.963725573612,1.03107168664,1.07267350406,,0.988155096407,1.09355904585,,0.948863860378,0.912007332722,1.02378959952,1.05358718306,1.03385363876,0.925348793048,,1.04147011195,1.01520339679,0.980631743143,1.10039553798,1.11855696075,0.973835036133,1.05656912128,1.04942840694,0.904684975767,0.930464575922,0.996139193577,1.05561930068,0.905429594272,1.04927371119,1.02623759246,0.979440132965,1.01139025769,1.02749620027,1.02077252246,1.03401008664,1.12659746061,1.09864712514,0.955338408968,1.09761883391,1.05465225024,0.954626074852,1.07362334432,1.04326082678,1.04868718936,0.999534073911,1.00610851599,1.02098194006,1.01895392782,0.923392528331,0.920940373495,,1.03583345423,1.04542354385,0.931421269345,1.04140376978,0.989718798938,1.01835985312,0.98648891097,1.06100363004,1.05007193146,0.928130883594,1.01774768441,1.04245918295,1.01887739453,1.00446924615,0.9520636486,0.962751787634,,0.966375102213,,0.927878942695,0.992372810326,0.953222402199,0.951942975397,1.01792828685,1.0397895664,0.984322087044,1.03516728732,1.003647555,1.10636524638,1.0542471258,0.951030122365,,,1.01988887158,1.01405213894,1.02804454714,0.994049909713,1.0334519573,1.01548225791,0.994244441937,1.01939843345,0.943620396115,1.07457457457,0.997456072886,0.917815060265,1.09134590809,1.03729006547,1.00693177672,0.942858124592,1.00606008013,1.05022035874
2005,,0.975684168777,0.975058477227,0.974168263151,0.901679756923,0.939967798819,0.978548657265,0.96901155839,,0.986614047251,0.985247491025,0.971654776773,1.01148797122,1.00258474263,0.986521047902,0.927087175704,1.03519331923,,1.09143100484,1.0765519868,,1.02008575942,1.04183021195,1.11284865372,1.00479441409,0.970935652502,0.977528537827,1.01873992104,1.06583883068,0.967986566275,0.875044048206,1.04912686009,1.01796483533,,0.999223469643,,0.909764149167,0.990433566434,1.05295777404,1.04579382691,1.0886665753,1.12703477367,1.02275556441,1.09086106709,1.06794710935,,1.14499837999,1.05774712893,0.984391774713,0.996260321143,0.966024945052,1.07443734484,0.926413453175,1.00310373468,0.951267577407,1.05116476326,1.06600193258,0.946547745275,1.03222799889,1.06003958654,1.04523646333,0.978827946007,0.925618254186,0.957242639859,1.03854567398,0.993397428472,,1.00820751849,0.957084790623,1.02820649282,1.03512923748,1.00896476903,0.96397247335,0.990207892182,0.999457091272,0.977528821729,0.999809922068,0.997477967639,1.05684955032,0.97641528279,0.920419177731,1.1045199482,1.07177138469,0.999424042127,1.05993090672,1.01090023792,1.02788500397,,1.0207641518,1.08432030657,1.07062457463,1.00429498309,1.00191909877,1.03823734282,,0.922696017748,1.03295218797,1.01002708044,1.01819940746,0.981160769301,0.999890576177,1.01631548251,0.945676004872,0.975747853166,0.978647461617,1.02614952392,1.01004417185,1.01291493222,1.06685595604,0.920577617329,1.01456176847,0.980199734457,,0.925345799798,,1.05166846071,0.988839933514,0.997875757733,0.989819280043,0.973112041568,0.860248168251,0.979489906814,,1.04537113206,1.02785035299,1.03022869923,1.03888616644,0.91504473757,1.01334180432,,1.00262215581,0.988255549407,1.00658995459,0.962142280434,0.930023250581,1.06703805876,1.07289237766,0.957709359331,1.01087907965,1.09018193005,1.08011378053,0.9502285169,1.01404784472,,0.996302979067,0.904959734896,1.04552362075,1.03720634921,0.991692287565,0.933494624387,1.0438958192,1.00435763427,1.01207883026,1.01282423111,1.07458041569,0.99865706263,0.886960493263,1.0037462696,1.04567084853,1.02088987062,1.0385158298,,0.961246001363,1.01795058621,1.06006791304,1.01827956989,1.10425844347,0.981099342586,0.998305429404,1.02429306624,1.08446349005,0.961341124877,1.03941605839,1.01469249772,0.973972407908,1.00987981259,0.943642118141,0.923222748815,0.996616117308,0.952574250727,1.00581928098,1.07091752046,0.97122214949,0.992080146213,0.983052140414,0.966533636624,1.07923903019,0.962774917554,,0.960199846472,1.0505609594,0.973921828629,1.02302397342,1.10968597328,,1.06517168886,,1.00542952579,0.965695821048,,1.00037678975,,,0.950951615688,0.918474612764,1.04259657244,0.970787167091,1.08585312488,1.05379504051,1.07137371661,1.09668674278,,0.919000965917,0.913954805816,,,1.02681327921,0.97698516195,1.02849707222,0.999725624205,1.01060265658,1.01649923896,0.999550763702,1.10308771385,1.01714961561,0.94955901757,,0.935577314405,0.978170411625,0.890678014837,0.961279247935,1.02258360726,1.03132922854,0.974951728516,0.895844292478,1.08299951722,1.03980087929,0.967339268323,1.00793469719,0.968675542154,0.998410490761,,0.985528363745,1.04289958408,1.05611658286,1.07703308847,1.05780085798,1.02649196086,0.999499223154,1.03403461365,1.03562603221,1.07600503363,1.09150893282,0.918536037938,,0.934175370415,1.05250749826,0.941967595044,1.08496367602,1.03503769879,1.08317001132,0.972823222232,1.07196236175,1.00503066639,1.02483211357,1.09124937016,,0.898159364198,1.01578790587,,0.982429104118,1.00311003604,1.05092675904,0.996135213108,1.01565004962,0.987243331742,,0.9900057292,1.0774210792,0.935154745845,1.08972728557,1.13152400835,0.991819008181,1.08793329296,0.991576546247,0.944990150844,0.972113040118,0.964297630964,1.03690032478,0.982466274354,1.06010807197,0.99891308618,0.965417541957,0.976329541961,0.961687748299,1.00605154392,1.03409861474,1.0704308917,0.994698584467,0.983292383292,0.968405901403,1.05548628429,0.973164533352,1.13369546171,1.00079531676,1.06520800345,1.09073359073,1.06104050251,1.00060867178,1.07190092581,0.981458484991,0.978882097226,1.0896891574,1.02393509128,1.01716750217,1.02913521027,0.996623936415,0.982393404356,1.06838073545,1.02766036541,1.08560633859,1.01483671993,0.977605398082,1.01304101304,1.04653757178,1.01999137063,1.01434946423,0.942188879082,0.927448735297,1.0336070808,0.985071172318,,0.978496933247,1.07740424064,0.962466681075,0.938229836012,0.938484582408,1.06265978486,0.984942336428,1.03941351528,1.04451366559,1.04867614753,1.02283199855,1.00512693804,,,1.00572489556,1.01447498914,0.985622726485,0.908689269885,1.04064171123,1.01100591863,1.05185813198,0.926496184228,1.00688061348,1.06694062668,0.923633028513,0.935070365482,1.03859898869,1.036779457,1.00836496109,1.01313421611,1.01544252099,1.10723601301
2006,,0.954820971068,1.00827097282,1.02351132197,0.956784379965,1.00248608974,0.984148930917,1.01163178778,,1.02449483464,1.05136447214,0.959210810442,1.02439343405,0.979903183218,0.899654894287,0.945450284174,1.08128727097,,1.08234181704,1.01887552899,,1.03323276971,1.00992419635,1.08869365591,1.03514870606,0.979430530426,0.9547779057,1.06219868806,0.992148995715,1.02667434274,0.969587823511,1.05783925195,0.916204566774,,0.985723997281,,0.870010511279,1.0185206756,1.01451773285,1.01430665266,1.03003593464,1.07513263253,0.990412076703,1.08588306915,1.10778328639,,1.11668809889,1.03550334776,1.06049135308,0.998563846394,1.02465872377,1.08844876369,0.978419961828,1.11188287368,0.950704646958,1.02122713309,1.04503225043,0.967486555104,0.98305180339,0.976855085378,1.02723428388,1.0432842612,0.907032621754,1.00844031318,0.990761892447,0.936017823704,,1.04156993084,1.02613672496,1.06620981558,1.05223491217,1.02082042718,0.973540015358,1.0113455272,0.985455779826,0.982960417217,1.06462984724,1.05716239591,1.05159857445,0.919500260798,0.963998305803,1.14027075295,1.06874899841,1.11801405398,1.07242599144,1.06762974323,1.01745287142,,1.02565566866,1.01197597835,1.02180901903,0.990845699567,1.14625022888,1.04810908155,,0.926333120308,1.02286430379,0.998266530812,0.964028598689,1.03573700827,1.02457133634,1.05092991283,0.923012273047,0.983026345305,1.0517103611,0.905430015133,0.985148310051,0.999119666647,1.08050210954,1.01132037668,1.0383035629,0.983822028329,,0.918259577777,,1.01785141933,0.991811104089,0.984465860384,1.02874120003,0.995118102471,0.902497609664,0.929025693208,,1.03384335936,1.10697788497,1.06673227808,1.05581301632,0.909572990581,0.931055999768,,0.965017484945,1.03832424059,0.999004698748,0.87453629055,1.02217799261,1.06720465477,1.04793627806,1.00392363166,1.11688904368,1.08474056664,1.13085957801,0.871065709553,0.953549144046,1.08200968028,0.9640003238,0.994327967483,0.984729441154,1.05982140358,1.04144421544,0.936204360037,1.08778341794,0.969152693,1.05301166753,1.05044994451,1.06714942474,0.929967194409,0.964454387273,0.995009392124,1.0782043069,1.05175961307,0.935010331936,,1.04372842348,1.05750530133,1.06188875692,1.00717989629,0.999715989776,0.983859947805,0.956245731046,1.01222071349,1.03987715341,0.887138732746,1.11520304506,1.01478964725,0.976864496178,1.00508751333,1.01787787323,0.957638951157,1.01712740385,0.985372626942,1.05163518072,1.09780169267,0.951893289639,0.94832376366,1.01480583803,1.06702747158,1.10411842423,1.06538686532,,1.06624319419,0.999711862496,1.03083796448,0.934994028323,1.11548970877,1.00854939565,1.05428140053,,1.01681957187,1.00631383925,,0.989206442024,,,0.964865081455,0.93387996377,1.04994674589,0.991319995766,1.01885428739,1.05057448961,1.09750656819,1.09400632571,,0.973738494759,0.951779823506,,1.09670739283,1.02845555931,1.00031717374,1.02547395592,0.935314917715,0.992263807163,0.980790026853,1.04512937798,1.11814515052,0.997874601488,0.950907230389,,0.990918915884,0.974662923296,0.952168966711,0.982931961655,1.00336684257,1.03965791901,0.951938464715,0.90653774679,1.04814691152,1.04334950622,0.937334425124,1.06331387517,1.03703294884,1.07224502839,,1.00696676454,1.07159942593,1.04986182549,1.02639856355,1.05596340036,1.02177507497,1.02871886919,0.996553704767,1.08603222266,1.06414504701,0.992274940724,0.97219403288,1.05546907627,0.880285277636,1.01381874392,1.00210711377,1.05546903079,1.01360084427,0.990106347501,1.03941954493,1.00817438692,1.00817884406,1.02494207442,1.14979486322,,1.01085807629,1.07143944236,,0.984947225843,0.995370038559,1.02962701257,0.954031569966,0.960180881799,1.01676883327,,0.981617695435,1.05922535503,0.926494261526,1.07090761227,1.07181947166,0.990894922484,1.10854102816,0.936499044828,0.97882231405,0.956834532374,0.993473723148,1.06014226255,0.994863036908,1.03429783861,1.06053935058,0.974525666456,0.922645597043,1.00439242158,0.989399293286,1.00447950141,1.0694157297,1.01868235122,0.898464047846,0.914759829885,1.10034538619,0.992292217626,1.08283551812,0.950077733633,1.06732431608,1.02899074409,0.99086271962,0.969914683431,1.08556106281,1.05974076364,0.931477253198,1.09626036873,1.03156473141,1.05485232068,0.991668595233,0.93628150832,0.988395904437,1.04325699746,1.05185549275,1.09667474125,1.07079389486,0.892715639082,0.978338198857,0.977181610401,1.03149209634,1.0205727067,1.01196619341,0.994601837179,1.01406013411,0.908545470129,,0.96258105666,1.03814450853,1.03264428024,0.969588149478,0.955257790515,1.01079136691,0.983647798742,1.06446563256,1.04193422302,1.08319738989,1.01016247794,1.02925783781,,,1.00449560462,1.02927741767,0.948920904277,0.921703668848,1.06138088127,1.01302537935,1.06172427513,0.95854214123,0.955672426747,1.02937477661,0.910120292539,0.966380801832,1.05187319885,1.03384651719,0.976284214473,0.956536660702,0.976944889656,1.10408313097
2007,,0.948517767344,0.940801749444,1.02008867219,0.971875251833,0.981064938366,0.990731402776,1.02649746551,,0.946100190235,0.992925593297,1.04083170828,1.01029366393,1.06591421527,0.95492597424,0.968934670642,1.04746165127,,0.968173308371,1.01645123384,,1.02239975729,0.991050920638,1.05504532085,0.943324817864,1.01862366568,0.993267736924,,0.987626213758,1.04841539709,0.982555681338,1.02164545546,1.04436692838,,1.01279757809,,0.941776544979,0.998486122792,0.950035659979,1.00024691912,1.02986465917,1.0379630104,1.04556288962,1.04651688441,1.03839139368,1.03756915679,1.08439206736,0.999239859028,1.10870021698,1.05583507179,1.00580365325,1.12853001181,1.02969494274,1.10613298519,0.957028250056,1.08003323179,1.04925757493,0.961950547925,0.988799863378,1.09964412811,1.02339218561,1.02993941533,0.894581962957,1.05205530512,1.01166751214,0.961459589118,,1.02269246177,1.02337644131,1.08484709683,1.04436840441,0.944881889764,1.01529627246,1.09489235751,1.04425964168,1.11167409809,0.982673235153,1.06095735238,1.10146989094,0.932875096699,0.917396979303,1.15446235039,1.03849501239,1.01250348795,1.02795794082,1.12433213742,1.05955022828,,1.07579859231,0.938758444645,1.05671134227,1.0636235887,1.02988917497,1.09817978679,,0.91450293292,1.02337912185,1.047766624,1.00753015495,0.98503262121,0.915662107151,1.04417566781,0.960598563929,0.974146515373,1.08264812653,0.973225086361,0.94447327452,0.979361067523,1.0788673347,0.980057757464,0.981925856744,0.996424525109,,0.950912706392,,1.02640631323,1.08836707288,0.935603525528,0.989363710743,1.04802615036,0.907783052798,0.996180878719,,1.06648828153,1.09115417815,1.03975698145,1.05633887466,0.907000898598,0.981292538403,,0.96494632001,1.05442357823,1.04687460979,1.00236429908,0.997678342616,1.0557234207,1.05870602597,0.999602002556,1.05007788759,1.06319010243,1.13640217576,0.869811261436,0.958278573497,1.01791579935,0.9465704409,0.981617437824,1.09797773178,1.08655544652,1.04944777966,1.02754265753,1.04761904762,1.00109045453,1.01336990058,1.05302017695,1.04438517384,1.0147259606,0.949297763065,1.00129044592,1.03031465848,1.0198344526,0.955316237282,,1.0370410338,1.01073541225,0.998776453528,0.949836746809,1.02498603017,0.918276374443,0.946010079324,0.992571518887,1.08094912606,0.872756587042,1.04538873,1.09255311673,0.961843052556,0.948736462094,0.922720323519,1.02018758929,1.00304365602,0.978344534436,0.978066096582,1.11706461888,0.968337288176,1.03829612943,1.07011768267,1.06820905633,1.03133543638,1.02350924164,,0.932752165155,1.00481076854,1.00933112189,1.0,1.08094848733,0.967722026785,1.07363615379,,0.987343504139,0.996716244929,,1.05922323629,,,1.00065028998,0.981465136805,1.04439516298,1.07237727459,0.993657732936,1.11715005682,1.04531637684,1.12006064626,1.05347125727,1.09189506082,0.919011150351,,1.0415815356,0.995571913279,1.03414325826,1.09614624861,1.00051723452,1.03670798691,1.02478323929,0.963148790909,1.04146668089,1.02633037367,0.920334287668,,0.921130454908,0.999989214957,0.941360215817,0.964881980426,0.966048457808,1.04954288624,1.0785539277,0.985727590807,1.06403529381,1.10275689223,0.978070579563,1.04538870111,1.0336563036,1.00164712002,,0.973923253804,1.0171470788,0.94569409117,1.02658296325,1.05038649785,1.11197055997,1.03304827317,1.0953916989,1.06350518826,1.05868503308,1.06904104913,1.00703062909,1.07969215185,0.944306500791,1.04502170936,0.99267312692,1.09022720335,1.04689623651,0.968456614074,1.04526664147,1.03964180408,1.00071404014,0.970082749841,1.01716539086,,1.04831884798,1.07990958029,,1.03072646683,0.96721747613,1.0110990496,0.989516227469,0.998296902411,1.0867904649,,0.993914807302,0.95485466914,0.97700946669,1.03924943097,1.12669739629,1.01352151365,1.08570742958,0.993838006385,1.01744112031,1.00505651041,0.979569060633,1.01422606886,0.986286530271,1.09032191921,0.993385415973,0.948808521342,1.00797463375,0.977383072682,1.06919449524,1.00076675034,1.05412724822,1.01708854976,1.00020012429,0.891079493032,1.10271696516,1.01670949714,1.04549230636,0.98137167935,1.043332133,1.09155102241,0.982661162274,0.919796954315,1.05734162861,0.989686680875,0.967034021274,1.09044448267,0.997967938587,1.0656465264,0.986918020459,0.932320796347,1.05793072357,1.05484660916,1.0543795191,1.04105970555,0.993305459555,1.05174353206,0.986231617031,0.943782814701,1.05913325233,1.02082318907,1.13933876251,1.02269080908,0.962201311828,0.95733206782,,0.973055425911,0.992843463361,1.02337680935,0.966291351483,0.967453979589,1.00548401904,0.978067360211,1.08407479659,1.08588056806,1.06362066676,1.03367581181,1.02488916815,1.10256655421,,1.05951202825,1.05175533037,1.0256973183,0.939377389405,1.03189272091,0.968572900567,1.03960209029,1.05656782184,0.999639491168,1.01179375378,0.937491677098,0.901144954213,1.12072022916,0.980874928499,1.06879169585,0.971699771489,1.00826182283,1.05677672563
2008,,0.97103531725,0.97305043221,1.03457921804,0.950230526899,0.974076983504,1.00076614878,1.08740454832,,1.00242112335,1.01636245351,1.01540691113,0.991086886823,0.938473570174,0.976530746034,0.963949928641,1.12235732575,,0.94891068926,1.07179241693,,1.02473347548,1.01945359838,1.01659821845,1.01555156797,1.01358441337,1.02671985838,,1.01628773255,1.05337309508,1.00714375235,1.03848456668,1.02351344987,,1.01354868664,,0.996281795573,1.02645402489,0.948093424141,0.89766381528,1.03897999903,1.03717348479,1.08503038456,1.04385128694,1.09269091391,1.00085566811,1.08648699408,1.03515182059,1.1277296244,0.973346754781,1.01228664094,1.10662347508,1.03094556578,1.16604947415,0.962739305001,0.971436254079,1.09653701266,1.05077884362,0.9717736273,1.02596936946,1.1183846698,1.01840038559,0.971487978057,1.00915783803,0.993616815054,0.96714019228,1.09785925011,0.996209115754,0.952849284677,1.11377688817,1.04357957225,0.918887193333,1.0168631926,0.996338058809,1.07789995354,1.02512622162,1.10776728602,1.07748474127,0.964394817234,0.965218916233,0.926763535323,0.980147926059,1.09188275085,1.05064387432,1.045321364,1.0221345369,1.08974093836,,1.00616424737,1.03140212914,1.05414707052,1.12397627789,1.08067130235,1.0424702197,1.02970653814,1.0137514577,1.02931819294,1.01564423937,0.991329668181,1.04108148497,0.993090634617,1.0797731569,1.0404912291,1.0141902193,1.01590470198,0.974303687995,0.915540748967,0.993026111536,1.03968814588,1.04925954289,0.911311473565,1.06162895141,,0.910842614249,,1.06552448069,1.07250066041,1.06608463684,1.00969651898,0.999987963554,0.981533296027,0.979571578437,1.1798300131,1.05463845617,1.08066280652,1.09820543873,0.983317046752,0.961694092258,0.95139351749,,0.94899713467,1.03241633978,0.997201155652,0.96287462408,0.997832915338,1.04339457789,1.02015459266,1.0202162195,1.02806152401,1.10051125283,1.048614803,0.89280817786,0.948897577307,1.02410632231,0.939677126221,0.976217158511,1.05206679931,1.03256127779,1.02372978538,0.982578035881,1.04653158207,0.98862866883,1.08663516297,1.00495234536,1.0947283884,1.07948355103,0.911021127986,1.09752662122,1.04184552945,1.04290722912,1.0110715505,,1.05192679661,1.04815527522,1.02012426968,0.92541172503,1.02057792748,0.967692875921,1.00621976503,0.99813967801,1.08387096774,0.854743390358,1.04554889036,0.986585893553,0.99889183826,1.04426294773,0.96601706819,0.96440234384,1.01051499983,0.93225272019,0.996498033511,1.08937044465,0.998187514254,1.0397729404,1.06539820301,1.07252404471,1.0465211796,0.921531518416,,0.991889577351,0.965999364474,1.06030224483,1.03976163567,1.02677855578,1.01753637866,1.06961897041,,0.967731331836,1.04016018161,1.10747415678,1.04836556896,,,0.930464111915,1.0101713808,1.03735477165,0.92275766659,0.984320383501,1.0375416762,1.01727055604,1.00876511175,1.08054486947,1.00836078034,0.943344045927,,1.05205618763,1.00808659663,0.999556709518,1.00606475594,1.0052182733,1.1028744538,1.04441265439,0.980488898856,1.09320252278,0.99839775686,0.946657011827,,0.961772751305,0.995063122365,0.984822934233,0.934222135085,1.06127755126,1.07310327488,1.00984232198,1.05628082059,1.04241262797,1.0576471091,0.980988511429,1.0533614028,1.00125767733,1.05597572252,1.11273527329,1.05401685096,1.04689254961,0.919464663066,1.0571860746,1.09988636506,1.02802024104,1.01367481606,0.999293428889,0.99747636768,0.94582195176,1.00964224994,1.04861200498,1.07863838715,0.955511724742,1.01220443254,0.883746755678,1.06666666667,0.952184666117,0.953668847386,1.05332487681,1.04677135892,0.945652040352,0.988705998736,0.980866387187,1.03143673681,0.947567552305,1.07321530045,,1.06544835463,0.917031869541,1.00490521013,1.0494551974,0.969708515908,1.04300804253,,1.02922567038,1.01571572347,0.986340723795,1.05975197294,1.08513376735,1.02569025306,1.09551560918,0.993216752754,1.01985735779,0.999018774122,0.916968988417,1.04303288497,0.931044515566,0.98249498374,1.02074180035,1.01613059017,1.04097225783,0.982024550614,1.02763208682,0.972295161031,1.08061892152,1.0327560068,0.989010989011,0.938389495914,1.0441035588,1.00157390185,1.09144240936,1.01126849229,1.02692488235,1.09213879165,1.01134789687,0.956516910091,1.05924225975,1.05808393837,0.960863697706,1.12354467434,1.01665328352,1.04568259836,0.999976625137,0.909269419578,0.994708443031,1.10373992335,1.05211766142,1.04141889446,1.00400677132,1.04132596685,0.941422345719,0.946562741381,0.971256460789,1.02765769804,0.989710033693,1.05504533762,1.04095420802,0.980898947236,,0.887574693526,1.01662463809,1.0134528222,0.992282752637,1.00180668473,1.02939821215,0.929283873137,1.08443337484,1.05412341518,1.06314374111,0.939922255069,0.982313631963,0.992512036544,,0.979893896839,0.969440044722,1.01161843324,0.95145049305,0.997636453581,0.946016355934,1.05043330374,1.01541571898,1.02971727938,1.00828178008,0.913290022156,0.861123246444,1.09039301924,0.98572256467,1.04212718654,0.956132705828,1.03954430934,1.04167761602
2009,,1.04262531554,0.918324069734,1.00435297845,0.990765265946,0.949121136475,0.99240358395,1.10410425579,,0.937783186184,1.071342506,1.06037863749,0.974458565845,0.954405743929,0.98355133891,1.01569671379,0.980428904179,,0.931170987103,0.943147548308,,1.07467404188,0.964081207704,1.03009768547,0.997026691425,0.929301443473,0.983421896809,,1.02384692275,1.03128222757,1.00330399253,0.962265879612,1.01130152076,,1.04972070129,1.08688452197,1.01148020634,0.942088043183,0.92362626463,0.929016131645,1.00810530654,1.06180815549,1.0121836926,1.00151068625,0.975269454812,1.08999619627,1.04352348755,1.04872759006,1.08643819482,1.03457676944,1.06195074319,1.04840103717,1.00449491365,1.01371652515,0.968672712284,0.927214845121,1.04198983685,1.03572862304,1.00581194767,1.04527919823,1.09516634969,0.948655390025,0.917503354463,1.02675059009,0.960869066289,0.964194716374,1.08743914314,1.06719964675,0.975107213877,1.14583475426,1.0315745452,0.917805650241,0.928127286028,1.03018478136,1.0840972499,1.0172392713,1.09188510079,1.01687616074,0.982922728824,0.960983735323,0.941687947154,1.03801044431,1.05102626167,1.08392708959,1.01647526098,1.05010404994,1.13520971302,1.10908383932,1.07082015089,0.961363466047,0.979948546237,1.09221877879,1.02202433957,1.10836290641,1.0197542167,0.983069120672,1.04673424085,1.048881707,0.946669522382,1.12013792743,1.02568537577,1.1012734328,1.03469181543,1.11990853918,1.06114575966,0.93808721966,0.966017080155,0.985538532706,1.01574970735,0.963090930821,0.889156336503,1.09230252101,,0.895852848505,,1.06297044245,1.03268965905,0.991371117953,1.02280237938,0.966986899563,0.952449257692,0.973353886809,1.14475380868,1.04846639008,1.02900298946,1.0550030495,0.998334426891,0.896471463365,0.948956925966,,1.07041896432,1.05856811319,0.952647527717,1.02639966647,0.996949808325,1.06488745896,1.04009837147,0.998498820502,0.984509944662,1.06740697724,1.00242737278,0.94426758732,0.949753558113,1.06366855427,0.951105310758,0.936499266352,0.998456717954,1.047799597,1.04496717273,0.926447098197,1.03975307724,0.990364277321,1.05356127424,0.989446861703,1.02865611448,0.98854201059,0.888597497678,1.09236234458,1.05281274023,1.02637913492,0.951992863358,,1.05950955381,0.965902682924,0.993198607179,0.991907214264,1.07250696559,0.983488794802,1.04218664394,0.96566344035,1.07055462314,0.838645331946,1.06115309578,0.983505945531,0.949602763849,0.995051753987,0.947673186922,0.96037507562,1.05676392573,0.971189158434,0.912283534493,1.08142995446,1.01378367675,1.06894656489,1.02742558866,1.06567217553,1.02019029937,0.926521213779,,1.07400661135,0.954529265107,1.01240329117,0.986737542238,1.05888268959,0.999143246733,1.02308793329,,0.952083694584,0.971524288107,1.11398219925,1.03995116664,,,0.935804051315,0.992859888414,1.00726340526,0.974029729886,1.0457860972,1.00848183021,0.953130501419,0.97395855556,1.00637742777,1.0146899114,0.961348185503,1.14417740275,1.06660370924,1.05683200509,0.973757374381,1.08415204495,1.01117500271,0.990942848139,1.06581974008,1.03453756897,1.07844265881,0.998751560549,0.986740055041,,0.979020979021,1.01373236886,0.964348783047,0.970014428965,1.10369339772,1.04645322389,1.01263078007,1.01027240808,0.993852086289,1.06369820656,0.962136145409,1.00314693779,1.01149205819,0.993017468409,0.986656097239,0.959411952701,1.04568755129,0.891490918768,1.01058745236,0.994481666608,1.01534596691,1.07858024106,1.01307535689,1.01193361494,0.962434161842,0.997308997309,0.979827860843,1.08707627897,1.02680822998,1.00730961871,1.02345182388,1.03442595948,0.976687891386,0.949808917197,1.09142697422,1.04502710774,0.986947791165,0.992260175306,0.969575999516,1.03397527013,1.00479147175,1.1455685477,1.01074003237,1.0327938427,0.88715380916,0.970254214161,1.04707920013,1.02182315514,0.954846773654,1.05541196853,1.02608784788,1.0569386508,1.02080919031,1.05734453782,0.98383696416,1.03447856787,1.08607157111,1.00963994959,0.993323181445,0.983429394813,0.972392868785,0.978895604959,1.01280834915,1.00991105464,0.940569970673,0.99008516969,0.979969406068,1.00624387223,0.966471478235,1.00849918176,1.09227397536,1.02759742245,0.965535738233,0.997322309391,1.03282474539,1.06861063465,1.01452673932,1.03720627434,1.05709596043,1.07546664493,0.996890958808,0.938336564202,1.05315187663,1.06480905585,0.9632468597,1.06750675068,1.08399156783,0.992185979255,1.03391772518,0.959658052878,1.04676890211,1.0722853335,1.07270530498,1.09274973947,1.10826011456,1.13773729463,0.958467222684,0.966361843698,1.05426518343,1.00993058234,0.965912468641,1.00153072381,0.996735451796,0.989117049955,,0.950001135822,1.03727017176,0.964489883056,0.95201025735,0.958751151824,1.01700437327,1.00359398206,1.04652173913,1.05923901514,1.08811213732,1.00744049425,1.00562023284,0.989870429696,,0.999548763979,0.932268010476,0.955610101094,0.932029585721,0.980521792199,0.930418466253,1.00195982362,1.00628621943,0.984470120512,1.0055623389,1.02701919403,0.983849060664,1.08979093094,0.92156719862,1.05907560453,0.919249226095,0.968077626213,1.04743853423
2010,,1.0701204325,0.985883833843,0.98870831197,0.974742299114,0.971482293952,1.04177459615,1.08673114947,,1.02742428726,1.02548114395,1.02606518018,0.945546430828,1.09368185963,0.941037414193,1.02856149198,0.995804195804,,0.940233136078,1.0411058073,,1.0717633453,0.977092665079,0.980688097926,0.970051265657,0.998006172671,1.06602679895,,1.02031197396,1.00201822519,0.95904991317,1.03529159462,1.02878530447,,1.08562064728,1.07517178254,1.02397122966,1.03171141985,0.926966969865,0.919125833713,0.996360999584,1.09529282079,1.00285482599,0.963388544288,1.00169267512,1.03895346294,1.11902836087,0.998980368874,1.02477782691,1.01948817532,1.03795525107,1.04628818677,0.992073406164,1.01422797985,0.914689807379,1.04709196027,0.922650623463,1.05151089566,1.04984079867,1.07600257133,0.999777056652,1.00515499347,0.972655408241,1.03867620802,0.979220337653,1.0303516318,1.08368090783,1.03103427577,1.03049399199,1.05824811027,1.03907469261,1.04554957238,0.925614466496,1.09636412342,1.00369817686,1.04138091664,1.04381978625,0.962149285336,1.07240769532,0.980811764003,0.914260812725,0.99441884162,1.01580075695,1.05905125554,0.987790370046,1.08095815646,1.10099327056,1.10019537475,1.05429601209,0.961017599649,1.03890712368,1.04043735805,0.98446378563,1.05240112812,1.04312536794,0.983464674532,1.07825406911,1.11458722451,0.886817798172,1.09068130734,1.00620681579,1.01359575295,0.971335108225,1.11122720254,1.09010736697,1.00643679846,0.984041944273,1.03985296963,1.01501309653,0.933897125729,0.962940079406,1.03744893031,,0.944145720832,,1.07382550336,0.957521455174,1.09414201716,1.04432147027,0.973605326088,1.0650887574,1.0443908247,1.05097469427,1.06552430091,1.03814253662,1.16919585874,1.04890366298,0.987339221547,0.983194183247,,1.04668745865,1.02999434069,0.923169339821,1.06030749922,1.0017443863,1.01301727194,1.0071473471,0.961965626357,0.973567615969,1.06342794187,1.02895755048,0.915498902583,0.95916511497,1.05161133996,0.962925003873,0.923602006202,1.06049615552,1.05184486783,1.05153433504,0.992614083072,1.03062687345,1.06128985296,1.01371551154,1.0284974692,1.07368712204,1.00996445937,1.0149138098,1.06633220011,0.993337674698,1.0656722602,1.03334922587,,0.945339387833,0.98684755715,1.09567041819,0.980169840572,0.984779132642,0.9557928257,1.06245578806,1.090554472,1.0394361903,0.965337308982,1.07619858156,0.981287999528,1.0263821803,0.992017360304,0.959216812181,0.959020275107,0.9887272355,0.943306951136,0.915940894412,1.08053197888,1.00502512563,0.998827043303,0.979039965248,1.05584567531,0.952496599961,0.993810786914,,1.04466050846,0.931017275384,0.967575395076,0.897673082448,0.976252976009,1.01764464506,1.03167204494,,1.03258511634,1.0289843134,1.05380573576,0.980221253771,,,1.00254217703,1.05857621726,0.964720162546,0.98073322328,1.0736291979,1.01658059255,0.986850614357,1.08627042262,1.01496353698,1.01852269142,0.987833511206,1.08356582968,1.01080425982,0.999511445288,0.96644564999,1.0609298705,0.917130864067,1.02463240957,1.07633949739,1.06004028334,1.02885962454,0.973023741195,0.938338406042,,1.07740770892,0.98415816989,0.90282859964,0.980906372211,1.03125430263,0.967309240026,0.97102298626,1.11013938234,1.03353179206,1.11122443776,0.969182560636,1.00387622364,1.15803221593,0.925223214286,1.09771495061,0.890009965122,1.10722281392,0.917187261027,0.953337017946,0.958251071411,1.01871739797,1.02916794596,0.934525781164,1.02560762475,0.974694180425,1.0560416174,1.01041900907,1.06924814456,1.01233737682,1.03536985333,1.01519025417,1.08255911506,1.03525616794,0.96948115455,1.06521598342,1.12176213622,0.97413042905,1.04876377904,0.98556998557,1.01533853225,1.00048672327,1.05263157895,0.999367361899,1.03014741688,0.963600117104,0.930403325954,1.03949128929,1.01717369971,1.00696672472,0.985477178423,1.01372452826,0.957578764575,1.02632193659,1.0773347605,1.02441266846,0.9766718507,1.07204728421,0.984585017389,1.0548475451,0.923767391165,0.980022430091,0.902229374852,1.02862397977,1.09629546976,0.96210278147,0.937568455641,0.988841026165,1.08231244305,0.895949687896,0.919150761312,1.06137321307,1.13468426125,0.942362256343,0.970092441544,1.03287844901,1.02782372339,1.09808662742,1.08987138892,1.1040895233,1.05550269585,1.01292041881,0.97746230531,1.03975468424,0.950135238227,0.935337156417,1.03754463855,1.06315150288,1.01124905286,1.03618340739,1.03631835511,1.01520932982,1.07097170342,1.09790703726,1.04843712718,1.05939463164,1.03788393506,0.943491887906,0.905299831081,0.994690677036,1.01952246992,0.994130860083,0.958783416813,1.02166772231,0.911997158334,,0.962369782439,1.10936708861,0.994823885873,0.951894108306,1.00064228921,0.989358498143,0.929244411602,1.14682026566,1.01076675986,0.988468854018,0.996990135554,1.0082063306,1.04397296227,,1.02964267022,0.952015539196,0.953935811858,1.04320039329,1.02768937393,0.982646142355,1.03541290307,1.02125871187,0.95724568758,1.03779578606,0.919722301286,0.92910383082,0.940797051371,0.962452031638,1.05370744409,0.95513873282,1.02877715582,1.05929459649
2011,,1.02428006776,0.973325276243,0.898674029221,0.933023452356,0.970090446115,1.02530726677,1.04580612292,,1.00977532115,1.07421529759,0.989731642074,1.02966559462,1.03702152901,1.03126051981,0.973086103305,1.01064100606,,1.05177159664,1.00778121931,,0.974194072647,0.988068463386,0.963975526785,0.886643511209,1.04874585897,1.10607481505,,0.974140328112,1.07674293799,1.00401606426,1.01422735597,1.0309807516,,1.06999959855,1.12907129301,0.960223884021,0.966988419374,0.986572334357,0.949342265659,0.992565956416,0.953664466829,1.02593739886,1.02727837115,1.00424222878,1.10282485876,1.13708687264,0.960815636159,1.02462638334,1.0359922179,1.06542732697,1.16620879121,0.92639563826,1.09685430464,0.927346007062,0.974546144002,0.957707980056,1.01449748225,1.10068611051,1.05258607647,1.01293289443,1.03412228268,0.986422361172,1.03175949978,1.05236339256,1.00915007565,1.10218198464,1.09748753403,1.04689731981,1.07878219041,1.06622330084,1.01402904258,0.973801338492,1.05358486715,1.09214618406,1.01122813852,1.10100238442,1.02155771145,1.02742239292,0.935678430083,0.910948053031,0.939296127863,1.02986493103,1.04182498998,0.975104835713,1.07123641451,1.042449477,1.13600628931,1.0854384884,0.972110039436,1.01694035852,1.06762557135,0.87913166125,1.0234109251,1.03878198652,0.969824070838,1.01053286175,1.0807800853,0.891022829575,1.08633159629,1.01585568596,1.00814994866,1.00355580885,1.09075458022,1.02360712887,0.946134255922,1.01272704807,0.969756971454,0.990570150853,0.963604129732,0.94809562767,0.972631307376,,0.904962430848,,0.996430621771,1.00321027287,0.97871543599,1.06346354396,1.07013308573,1.04162330905,1.04584112273,1.06935640155,1.05519929586,1.00161959713,1.11147138849,1.0544435649,0.97996173125,1.01049080617,,1.0365180215,0.987542576757,0.986592625404,1.01137194282,0.986990270034,1.03559541655,1.0897378773,0.956873483104,0.946585530764,1.04387147741,1.01509557415,0.926115367753,0.957697787952,1.11429135413,0.974455690835,0.950458425902,1.06498676462,1.05353631686,1.03629878575,0.996751180628,0.991144109491,1.02179999521,1.00501346207,0.980760255147,1.16192546187,1.00317640924,0.937606691704,1.04325760659,1.00645613333,1.01232933794,1.00522670694,,1.03774082871,1.08647561589,1.08310796991,1.00983818074,1.0021978022,0.942254695963,0.999495967742,1.04501775642,1.09495876902,0.980589412599,1.01001345772,1.01271597195,1.07756389717,1.0043099128,0.994289078599,1.02748116161,1.01856312246,1.02910762613,0.983329590778,1.08976139376,1.00197758734,1.01100025582,0.947108148785,1.05239652704,0.959916138372,0.980633552725,,1.00597996868,1.00683787019,0.979535959591,0.959709047483,1.00189182885,1.03805951221,1.05690354892,,0.99495035461,1.07576945697,1.0527066543,1.03952973655,,,0.921944509845,1.03946689192,0.978399857007,0.979801129474,1.01970835787,,1.0235996588,1.00733269186,1.02319254951,1.05328103653,0.940602389366,0.997448729271,1.03556975506,1.04634658471,1.11404549572,1.00180670839,1.02435132979,1.06028346457,1.0511609648,1.00574712644,1.05937490171,1.0241760116,0.92621896381,,1.04431349007,0.992242300367,0.954566314823,1.07765176205,1.01962584644,1.04122676451,1.01628158544,1.04248424104,1.03953775894,1.09466977539,0.957604761028,1.05069765132,1.09464771696,1.02467685076,1.06858384194,0.978484063923,1.04125503406,0.926102573161,0.97375036539,1.05961012215,0.987699862819,1.04553724726,0.94934029089,0.989690721649,0.985662028488,1.00763761495,1.06842975207,1.07640846394,1.01081803817,1.03097526068,1.00560185818,1.0727885078,1.08042109833,0.923125895273,1.01824395638,1.03549481794,0.993487887471,1.03697129645,0.977179288566,1.06773559374,1.04822586909,1.0558226559,1.01586204663,0.953962758492,0.929384674428,1.01647257305,1.0137385212,1.07503047767,0.997674502669,1.03208362954,1.04643682543,0.998067670441,1.06394896105,1.0834384195,1.0315481819,0.985624249328,1.08110780182,0.994594088601,1.08316759441,0.974904471755,0.997795791528,0.910933972262,0.985041510722,1.06786906654,0.953725885765,0.949751769424,1.07482386033,1.03151734956,0.934559678613,0.992880852063,1.05189036941,1.01002294409,0.899908370614,0.955041400995,1.03271166709,1.06136643775,1.07245218384,1.10163770471,1.15047263273,1.06790538476,1.02011149531,1.00476858996,1.09609532161,0.94349171973,0.964327613547,1.06917435413,1.03835432299,1.07180802819,0.974803800083,0.978728350575,1.01997269824,1.09492346206,1.14834869994,0.96943486078,1.11976718155,1.05944311324,0.92281125885,0.967297682127,1.00487098286,1.02837946249,1.04284787108,0.898756703752,1.01008182151,0.938366580195,,1.02081246522,1.00062939864,0.983530707794,0.941101073467,0.990802724944,1.00161759948,0.942507068803,1.08038460136,1.00148334607,1.05836301027,1.02432952359,1.01633393829,,,1.02451075373,1.09128277661,0.966155445802,0.967273150032,1.03780172237,1.00010066438,1.04953994272,1.03706459564,0.948327967534,1.080149091,0.98862482755,1.01447648973,1.03320181814,0.999818967078,1.05373218065,0.970546508385,0.995561364812,1.07397900836
2012,,0.995700648546,0.963567954483,0.914240774647,1.02401718947,0.958174114222,1.04569724707,1.01029390606,,0.981239500917,1.05352155979,0.948185721596,1.04688315491,0.980140854007,1.03426481874,0.991698800938,1.02396539768,,1.01213975523,0.97501014099,,1.0678563043,0.981274335796,0.970346761569,0.976882351007,1.03867429269,1.07684753253,,1.02878916173,1.04122006492,0.988446258702,0.984609059842,1.04595769342,,1.0700558602,1.13326232692,0.96706428668,0.984920686729,0.940072151588,0.934225195095,1.02972754918,1.00627920365,0.928052069228,1.06621046791,1.1099299879,1.09400826446,,1.00778835456,1.02403996254,0.994691927155,1.03054712188,1.0874663424,0.945949018805,1.08927808629,0.954290500241,0.93802684785,1.02104635434,0.986095907958,1.10868528696,0.966867899415,1.04568390145,0.98446607357,0.993124163988,1.10159476291,0.988730197154,1.02534317722,1.05487907452,1.03872555368,1.10455524174,1.07533786742,1.00663115556,0.983920725437,1.01646368166,0.997333207467,1.03276478518,0.975102656063,1.0687280204,1.01853534436,0.989261153026,0.910414514865,0.991441737986,1.03437082988,1.06848095997,1.05901963849,0.987541371795,1.03442903879,1.00178890877,1.06694836921,1.02481751825,0.996265266983,1.05053816578,1.06244644927,0.936233293957,1.02496271802,1.04972246294,1.00324593108,1.05625346388,1.03282901156,0.919377338854,1.05271172246,1.02929847668,1.01978609626,1.04063977467,1.02269232312,1.01281054927,0.947577969476,0.913434911967,1.01214320696,0.901204933812,0.98727735369,0.940335045361,1.07459320122,,0.975221415066,,1.00820009192,0.904851671793,1.05692101115,1.09332312687,1.00718750732,1.01109966218,1.04521952391,1.07904547908,1.04221179956,1.03628323299,1.09088576743,1.06669620481,0.992046729987,0.986387847702,,0.982980753937,0.994453346481,1.00962008805,1.04666414708,0.98092142291,1.0744564348,1.0977172358,1.02933527515,1.07563607564,0.9796551056,1.04514952419,0.914572077363,0.936296296296,1.16071655444,0.975423161519,0.899642340595,0.952839058093,1.10167322715,0.957463720392,0.95041322314,1.09012271697,1.05051825567,0.955869194335,1.02697210234,1.17442633005,1.01566036028,0.895675364744,0.994270693769,0.978227023402,1.03785551202,0.945006948581,,1.02330629045,0.950858604311,1.04936466884,0.939325095584,1.01043708126,1.04603864288,0.959175424414,1.01424266619,1.03443030272,0.932130724062,0.956305894369,0.991320513285,1.05438621274,0.998271066677,0.906058420483,1.00777030228,0.965789355692,1.00787178549,0.98627598076,1.09815604294,0.985061566348,1.07624913833,0.929214365737,1.07666360433,1.01394791326,1.02544548667,,0.985419158773,1.02822873598,0.92959330293,0.931088269408,1.11111111111,1.02779857006,1.08689889189,,1.06680387617,1.04005826657,0.973528504153,0.999524653213,,1.17430557059,1.04357965311,0.968520664349,0.96402068502,0.893266576201,0.963075670231,,1.07772568183,1.1543725641,1.03558346415,0.96396416725,0.921147280225,1.00247491093,1.03205113087,0.959508351093,1.00728170394,1.1070823592,0.991068560046,1.0687275177,0.993656995393,0.97857263371,1.11947888692,0.93317088579,0.889390869127,,1.01407912492,1.02493333957,0.921723754902,1.01702461715,0.996200726296,1.01821497579,1.06795431121,0.99601343109,1.03204939724,1.05362981416,1.04427276424,1.11481148358,1.09187326646,0.956336398514,1.07026321514,0.957334371697,1.05356994283,1.02248720717,0.976504621463,1.05330602912,1.08652986331,0.986284715626,1.03570008555,1.07405199276,0.981345392877,0.991525423729,1.12313771691,0.999578039289,1.04832104832,1.04394800518,0.963125573124,1.09402088737,1.05202681136,0.954274353877,1.03704727038,1.08488346172,1.00823518276,1.13008087108,0.916531958022,1.01078642394,0.952477630987,1.07853513971,1.01609390769,0.947131687195,0.901687368174,1.00365230095,0.999931773214,1.01133999866,1.04436612418,1.09238236148,0.951318826672,1.00523919111,0.972552816665,1.05135120842,0.98856890546,0.974779587302,1.08599965002,1.05342607322,1.00645016546,0.907525729808,0.97180177511,1.0486560722,0.927596336617,1.0710557619,0.959528276601,0.917059703209,1.0185522008,1.04812393095,1.0064324362,0.990914184103,1.00375351115,1.03478345122,0.994991200758,0.97390594924,1.03793446392,1.04004723015,1.12764008412,1.02093314139,1.10442810822,1.11025734352,0.956535617386,0.973805555218,1.05501696233,0.939635341711,0.982179645653,1.12119916501,1.0353392519,0.995752140786,0.982679299874,0.966150952042,0.962480183195,1.11092660246,1.10554565994,1.02719462261,1.06630515707,1.05551202459,0.943524104752,0.96910041098,0.930211817168,0.996643366739,1.11638262345,1.02623397312,0.990328006728,0.993040356098,,0.911813867917,1.01859138304,0.978797882004,0.947904426165,1.03121503437,0.872551847094,0.98476416167,1.0928617262,1.05230260955,0.991985483139,0.990160172969,1.05155668512,,,0.935538004765,1.05860663691,0.980896897439,1.03634141635,1.02947193369,0.990768582761,1.0145577621,0.947805982486,0.925947966009,1.10408251404,1.02688151067,0.886934864927,1.00217980754,0.980527976603,0.915721003576,0.978773455277,0.97131259626,1.03372871248
2013,,1.05977847532,0.925703870689,0.943539266495,1.04005621926,1.03792890116,0.95607867828,0.973952174861,,1.06118718932,1.04862788825,0.943311077425,0.978010285512,0.980730648999,0.959538960259,0.965867987812,0.928479657388,,1.01350356003,1.0140287024,,1.09504558643,1.03753480893,0.982275003848,0.947610204281,1.02005251295,1.06420623583,,0.999818403507,1.05239729638,0.971569227563,0.991658943466,1.01743502984,,1.00301016641,1.06132690707,0.922573309844,1.03390255254,0.977634739616,0.977204613568,1.09964937243,1.04094280487,0.969579209424,1.06269668361,1.04381769334,1.06660237478,,1.07522381118,0.982443229605,0.979755061235,1.07112683817,1.01072891605,0.897280162889,1.15010200309,0.965190487903,1.07290415407,0.995979693048,0.957494407159,1.04164233832,0.954195350577,0.985418802991,0.996009077393,0.97421701404,1.02013360549,1.04132313996,0.965400843882,1.02638256851,1.07708099592,1.06029612312,1.04117146462,1.04043072215,0.957032427674,0.997827661115,1.02029375491,1.02254789985,0.933571707917,1.04490397857,1.0199381928,1.05476293583,1.00333418825,0.953932750704,1.08169954115,1.057763646,1.02060456508,0.978004143191,1.07501861504,1.05911830433,1.02976280405,0.981524966765,1.08762210235,0.986318960834,1.13613421978,0.939031124793,1.01561374009,0.960160472502,0.856762963858,1.03369187936,0.993534603924,1.03712541875,1.10173360334,0.985923585177,1.10531691845,0.960981511126,1.03653160578,0.946351216261,0.988186290352,0.880935994494,0.967896384507,1.04239072856,0.93705310614,0.915362611476,1.15673862468,,0.917535194161,,0.946876854408,0.992885466023,1.02215544585,0.995894724256,1.02287025387,1.02704717283,1.02559323416,0.970752638884,0.967933738022,1.10049012971,1.06270888801,0.983088272194,0.997735570036,0.988198337733,,0.916723192741,0.989241573374,1.05113785673,0.930347254915,0.995340957222,1.02325468078,1.16499532856,1.01801038636,1.03568763547,1.01762784326,0.988669611287,0.895976678885,0.967560920281,1.09266011918,1.00481649504,0.955119101227,0.97606687957,1.04759829834,1.08162966137,0.987341444808,1.06306834849,1.07257178348,1.05235699646,1.08075665827,1.12997117193,0.900742633554,0.855329536208,1.04159780915,0.980098541204,0.992710682259,0.983180621501,,1.02737665463,0.953660843164,1.03296677392,0.972718861744,1.05652821755,0.950566616954,1.01075718706,1.06025622419,1.06091661884,0.925761454469,0.943916490226,0.937979502196,1.05126243305,0.974995764045,0.924979309673,0.970799778693,0.942014807797,1.00938354532,0.963228402889,1.08334261701,1.06001151049,1.02057463972,1.01237554666,1.08867659901,1.04206229176,0.955815227314,,1.03947649371,1.0511934421,0.873808651026,1.0011284249,1.06598320998,0.922991675132,1.00679075138,1.01184168087,1.01356469049,0.917237743806,0.91879505952,1.01651517091,,1.16203624655,1.02394836249,1.06845817271,0.975273399253,0.923561151079,0.958942112077,1.08784131489,1.02431234156,1.06490724059,0.950094469621,0.948865437746,0.962355894483,1.02344891968,1.05508824816,1.01538499198,1.04397109076,1.071496028,0.974104794659,1.03111831032,0.987841369645,0.988962879329,1.09069727932,0.942211610735,0.913881486969,,0.983406218175,0.920197675483,1.07164889398,1.00973797324,0.91050681933,1.02617944446,1.02287955347,1.00975411986,1.04727596836,1.03553379867,0.917281764242,1.04259376987,1.12062119474,0.976240884498,1.15272822448,0.975758314046,0.964560974724,0.976778386584,1.04116591823,0.992904257446,1.03955043582,1.12014110305,1.01711071922,0.957137109181,0.980778373973,1.02523107669,1.0770923337,1.02398168083,1.02928221109,1.09956752995,0.962313110095,1.0724581475,1.03610865323,0.920976686993,1.0413666965,1.01971269791,1.04984079191,0.997330774813,0.866464206056,1.01565990124,1.04092503573,1.04244817374,0.977151959533,0.998571810086,0.836072431722,1.05665842032,0.988800322874,0.971053171833,1.02332057083,1.11038309821,1.0084341288,0.956119444834,0.892024959848,1.04557973352,1.05972364965,1.05528813601,1.11744523621,0.967612766459,1.00611690652,0.892466613931,0.980947539158,1.01353000887,0.966618418672,1.04549526646,0.887664683107,0.912077546108,1.08525152817,1.01801707978,1.00653624962,0.983546573321,1.02985218819,1.05249856082,0.953147271139,0.983299740858,1.05131044666,1.06525639815,1.10362641815,1.01592195848,1.00710841577,1.05102454617,1.01173995575,0.998788563095,1.00921190014,0.981061480339,1.00426109912,1.06760123497,0.989341350096,1.0377714166,1.01259958044,0.977053416978,1.02730207364,1.06777859537,1.05223490512,1.01110932217,1.04836765202,1.06909768984,0.920912572564,0.994459897474,0.931496579515,1.06686503413,1.0166520596,1.01225655468,1.04724760118,0.982862274553,,0.936112350479,0.957319696028,0.9701355696,0.946032786059,0.950540339642,0.902382566214,1.08829615481,1.09176493783,1.05816764038,0.921829476962,0.984139805486,0.986842918031,,,0.961687463139,1.01507701629,0.997727272727,1.00009926544,0.948722824365,1.03215411227,0.989017701169,1.07206879693,0.934687362022,1.05638640807,1.01659181817,0.894682966432,0.938110749186,0.918863201296,0.976214414588,0.975990925704,1.04401255593,1.0232476445
2014,1.16559003142,1.06993984983,0.993016075559,1.03408513224,0.999215623712,1.02860264565,0.999107503087,1.04998496898,,0.961632109081,1.07521042628,0.888609216455,0.980481565923,1.05582080754,1.05016170968,0.971130286567,1.02793557833,,1.07477709626,1.06323930285,,1.1021260907,1.09487056006,1.05637593316,1.07007798912,1.12271609508,1.07502574536,,1.05189077602,1.15388949405,0.999912288396,0.971252193912,1.03553050723,,0.973524178772,1.06539709609,1.00420596149,0.990018706749,1.02277610657,1.03566550311,1.14391432368,1.06416789961,1.0339857734,1.13005600498,1.06998108619,1.11902186219,,1.0908647396,1.086745997,1.01973117848,1.07286654228,1.08271806369,0.915794481446,1.13348946136,0.948339766366,1.02241627312,1.00031395658,0.996248755965,1.05949215288,0.997937164519,1.07461010287,0.992995413507,0.950640663588,1.10246679317,1.20735130256,1.03028338581,1.04035262889,1.06798457088,1.0959549455,1.1006219458,1.06104321818,1.06378714826,1.02156873963,1.05860661681,1.07950486244,1.06758215897,1.10294362215,1.04316416832,1.05836097486,1.02083359654,1.02528373975,1.07980074233,1.11276143069,1.07004474514,0.950410274706,1.09887127614,1.09111801729,1.11725429017,1.05261815817,1.05448383733,1.0782136985,1.13088736105,1.04364436886,1.0634164921,0.985870701013,0.913411382868,1.03155325702,1.05438138209,0.997467275783,1.12431879713,1.07888186866,1.12751524825,0.975120750934,1.06510161939,1.03448690652,1.05273082997,1.03225487653,1.01816101816,1.02638586299,1.02616630971,0.969327386912,1.16876520437,1.08385997302,0.961558198675,,1.03552019788,0.93691130169,1.05482821156,1.10977014647,1.11185316537,1.01421754796,1.08550185874,1.10152637294,1.05626534752,1.10133434319,1.09653059771,1.10222314565,0.997197796889,1.01748187854,1.04471335794,0.977318702182,1.01878709993,1.08620159128,0.985674107928,1.01065978805,1.03670664818,1.14896772431,1.00940245838,1.14516706749,1.11616505515,1.051241872,1.02119248929,0.989460807377,1.11067677137,1.03544211927,0.986923051796,1.03299996346,1.13762437263,1.11209729652,1.03739218313,1.10239974572,1.09575197603,1.05321961938,1.15934045297,1.17651599954,0.908842737448,0.883603465362,1.09931897535,1.0835977735,1.07506297229,1.00391880586,1.08254939525,1.12271947606,0.973288869095,1.04947772856,1.00509632744,1.04691496444,0.987935870829,0.980808387125,1.10125221825,1.1353979354,0.983940285003,0.982785970272,1.00943129545,1.03860692818,1.02883308292,0.981234606081,1.03528064693,1.03717628756,1.0337972167,1.04013336206,1.07509651104,1.04880543131,1.03768141671,1.10404122361,1.06638677512,1.02687778216,1.02457328513,,1.11464443031,1.09682382679,0.957207898192,1.07056092426,1.09504271205,1.05185494536,0.973771555489,1.13277147322,1.03719793646,1.07912220656,0.906321307431,1.06335325432,,1.04007203962,0.994756628413,1.09920256667,1.01845439361,0.99554504955,1.00112326467,1.09039887753,1.11419581714,1.08329263947,1.06800336105,1.0544342818,0.979447122043,1.10505048125,1.08873558759,1.03321384764,1.05404433793,1.07379166929,1.06292926477,1.00143678161,1.08429063597,1.08337631494,1.12829297653,0.999492357155,0.915325623036,,1.0447391917,0.976048288705,0.997339022589,1.06049674098,1.03719763915,1.08940478841,1.1070488073,1.07026999413,1.05094951366,1.09008592118,0.977352619144,1.04812307115,1.08685602753,1.1004304625,1.16060666935,0.983187493855,1.0348903384,1.03162819994,1.07208039476,1.08771717416,1.01100634568,1.07327986032,0.992876687024,1.10451997115,1.06539446637,1.09807294083,1.0845683011,1.03753465558,1.050519968,1.10585363018,1.05275733537,1.13200175807,1.04337276312,0.907342745812,1.06961687772,1.09098003512,1.03576107255,1.09155577359,0.985440046877,1.03253588517,1.1008928332,1.1086027854,1.0535228146,1.03962617232,0.967709984152,1.04446495096,0.933708128367,1.06485579527,1.04488934332,1.09984964081,1.0564752272,0.975427960943,0.948662694892,1.1569448475,1.02757755145,0.99282168494,1.09759677358,0.983065606453,1.01309362746,0.909651996392,1.04329041523,1.02399518592,1.02165087957,1.12505776412,0.995146200202,0.977588375735,1.06001518046,1.09141954729,1.12252231367,0.970907383148,1.13349798518,1.07589264657,1.00304907822,0.971210544572,1.05429482115,1.07226792009,1.16374304749,1.06968291059,1.04849845703,1.06038750926,1.0922149857,0.970890747494,1.04943056467,1.06176179704,1.01054189014,1.15829626532,0.97343862168,1.0617180667,1.08384561121,0.996500238149,1.05179992211,1.04637058471,1.04652462886,1.10544072689,1.06244220567,1.07631343474,0.979207674382,1.0641401065,1.1050650758,1.14442007203,0.97963883014,1.05404583249,1.03722359887,0.986787625604,,0.910207325002,1.0321969697,1.01483294212,0.950672179317,0.965837629596,0.907730191686,1.04030753434,1.08282416836,1.06423822455,1.02213848328,1.00922839989,1.00975796422,,,0.978187140766,1.04635051178,1.0791163888,1.06250245223,1.04605263158,1.0547621725,0.96941845834,1.0391455914,0.92642732398,1.10208284229,1.05905313678,1.00264659178,1.00385147823,0.968524153671,1.01353469544,1.02792169089,1.02831722132,1.07818960335
2015,1.10422040503,1.07392361648,0.97683980963,1.01788940632,1.06575084473,0.9636242505,0.977750716696,1.09728883354,,1.00799144798,1.0528496336,0.875236045848,0.993875929129,1.04321246333,1.03074162823,0.991848956167,1.03234686855,,1.04556746135,1.06151574273,,1.08119439749,1.06680834108,0.957044567037,1.03661515365,1.02404837158,1.05612988821,,0.954631021718,1.03761785646,1.09535373593,0.964131994261,1.0026984087,,1.04283721347,1.05256562872,1.06405792562,0.991581765787,0.935287022773,1.02942960161,1.03698431383,1.02219317085,1.00880031795,1.07727116901,0.970931819068,1.15124589531,,1.09407647962,1.05680390018,1.05098430554,1.02027534418,1.05956681142,0.919522305823,1.16601123166,0.980075527356,0.994600359976,1.00211111408,1.03882808882,1.05232432707,1.02130266755,0.974780255311,1.02985281225,0.966449972071,1.13955971556,0.969271572856,1.04319054653,1.00477498072,1.06520502611,1.07849128554,1.09001770394,0.986982818454,1.02079022564,0.941463014789,1.08187939623,1.05627133576,1.06598984772,1.09660513597,1.04145672705,1.13074204947,1.03759627218,0.975466828944,1.11296440441,1.02933523241,0.984764788521,0.978638663154,1.07830852646,1.06013848189,1.01850787447,1.02963534723,1.04963986763,0.995854843222,1.08300509049,1.03966889526,1.05693506046,0.985390854093,0.948359390887,1.10863582755,1.00400287136,1.01343605264,1.03260937441,1.03144201352,1.09978908851,0.959499638707,0.94668687147,1.09401626175,1.05407324744,0.985844473687,0.966429058743,0.953778955283,0.994720824793,0.933657519972,1.10757426224,1.08103718941,0.980844251636,,1.00848928413,0.937509330308,0.979724955156,1.0476848278,1.00212129453,1.04352014128,1.01646853528,1.11827170651,0.9738570854,1.11454311454,1.08752576745,1.09053867817,0.962380952381,0.974449232263,1.07304800632,1.06359216182,1.0090832382,1.03662302048,0.951031484906,0.988412314078,1.05086928525,1.01909579745,0.972679295861,1.11819828333,1.06546275395,1.05482069016,0.96642348598,1.0084075112,1.11138898615,0.999757092267,0.837144584222,0.95440454213,1.11740166865,1.07588364981,0.999779384092,1.06586089793,1.10132896789,1.02432219324,1.01964061847,1.08219460276,0.954695524578,0.895448723222,1.12429005415,1.03906301119,1.00735694443,0.94978249674,1.02528974984,1.11811455193,0.976558084861,1.03658177622,1.02904843004,1.01408716804,0.965678392541,1.0263412414,1.08883884234,1.02566553554,0.955253539619,1.01818181818,0.991987427524,1.05469411452,1.03043155827,0.975190537576,0.994924786247,1.00545786736,0.99883067406,1.07256161011,1.03089974611,1.05670246508,0.985221674877,1.0370483228,1.09754987977,0.99927180475,1.07259136415,,1.11858190709,1.00181562987,0.984242367941,1.01289020419,1.13703976637,0.987054584279,1.03754595958,1.08811354228,1.06379051185,1.06498146815,0.897678223827,1.00793650794,,1.05507958886,0.970337039654,1.04413216657,0.953938690445,0.959950613473,0.943778426102,1.07583011152,1.09157249278,1.06602934638,1.01689828016,1.00656613904,0.980273731407,1.09042141641,1.01094716802,1.02331572846,1.01318051576,1.03056435667,0.927512227944,1.04914369866,1.12940824493,1.01273863675,1.1119838971,1.06792885405,0.941709163256,,0.916330116138,0.970928736815,0.922943654762,1.05071271236,1.03180896995,0.942841560584,1.11520222353,1.05898406178,0.989228401847,0.9692934747,1.06559870222,1.0554197229,1.09899549706,1.00576784427,1.14571219365,1.0196483697,0.9896841117,0.98674453096,0.991399875219,1.04153588617,0.904238459295,1.03030383831,0.965243742751,0.97381761794,1.0064167511,1.03574525484,1.03843443646,0.972803094403,1.0090401658,1.04655794421,0.911044484192,1.07537459362,0.98636434878,0.874901965666,1.03279526696,1.10716383675,1.01473468368,1.08815984879,1.02779124464,0.978136980624,1.04916193281,1.04351550683,1.01385678096,1.01692870157,0.959121415497,1.0961068812,0.94244710756,1.07840516891,0.956928614277,1.04758020011,1.05677430568,1.09094643565,0.957972229988,1.10126847678,0.985609123644,0.966753503104,1.00137335688,0.989301955569,0.99394632491,1.04474416613,1.00480034912,0.963742029599,1.01604152477,1.12112812508,0.948898819416,0.95547208344,1.01296871331,0.960560093349,0.925647374633,1.04165346648,1.06868379612,1.07109683926,0.951051620677,0.959665684116,0.963183857752,1.01277652759,1.05541196853,1.05184004669,1.05875932327,1.04879784547,0.994435469395,0.922142669715,1.08518477169,1.02467853113,0.994645937409,1.03245356529,0.979825653798,1.02261398814,1.10207626115,1.00168434673,0.982809028184,0.954079479395,1.03669370413,1.05241318499,1.06789241568,1.0007629243,0.993062461808,1.01975752133,1.02597047242,1.05801910238,0.911368981071,1.00186209971,1.04954753417,0.966139739243,,0.966837433854,0.941930905794,1.00078463135,0.915494801896,0.925170676112,0.86047713033,1.07116534272,1.07252463253,1.06195560033,1.06090987955,0.999010759517,1.06103274838,,,1.08066132265,1.03761173891,1.02178265882,1.11735000177,1.06723350219,0.960625147361,0.944983651473,1.07170140784,0.907516271258,1.04779435427,1.00163392484,0.939357760902,0.960579746361,1.05215732005,0.958871668026,1.00328247854,0.97057305111,1.12477409734
2016,1.08359866326,1.04783599089,1.00016457293,1.01762078385,1.05980030389,1.05015212484,0.965357092081,1.07760332548,,1.04180524996,1.09270693308,0.966540383942,1.05258476932,0.935819470272,1.07267834663,1.02696315394,1.04796358968,,1.01725111893,1.07067044047,,1.08015157787,0.995822567793,1.02505118355,1.0741153208,1.07125248031,1.01823576683,,1.01256909481,1.04760909692,1.03374997144,1.05754276827,1.03592551767,,1.08709079679,1.11309415407,1.01459940653,1.04066526167,1.00871076156,0.985029749931,1.09334761213,1.1066252588,0.970824784121,1.08042328042,1.11328671329,1.13303766722,,1.12196690494,1.10901778437,1.08985843439,0.989742998732,1.12085351646,0.929523457532,1.16413147537,1.00467407147,1.05015417532,1.00965360591,0.949285115677,1.07455119251,0.987363320893,1.09329748751,1.03607770583,0.939213818922,1.09920449228,1.08676111259,1.01295999306,0.923665466992,1.07926402241,1.06073441126,1.05494940498,1.03686419654,1.09601439028,0.946251053075,1.11402841509,1.10326336565,1.03850791452,1.0880501673,1.11360410275,1.09160620983,1.07084458303,1.04503356368,1.05111779318,1.07838985769,1.08731316077,1.06831291414,1.11397726187,1.05225851445,1.07729374227,1.05949489197,1.06306686353,0.94473393854,1.08090104693,1.04786065321,1.07899897283,1.0208839125,0.976304237626,1.02264839713,1.05588538345,1.0244061178,0.995351380913,0.99387828592,1.03239682753,1.01220627943,1.0807235851,1.05600567745,1.06012168712,1.02917069252,1.00403569602,0.99300359275,1.04969840755,0.969685964295,1.03395870454,0.975537835879,1.01438027848,,1.11079551662,0.99709685933,0.928658927842,1.04705664275,1.03470169677,1.0615627922,1.01732065852,1.09505005495,1.05261948265,0.991838395443,1.05889437553,1.07355238776,1.0588798867,0.973664534352,1.06665134122,0.998245713316,0.984752730047,1.01201146402,0.985871489569,1.03029912603,1.07730263158,1.04543995598,0.948728300363,1.06823040743,1.09191305137,0.993576618423,0.959858882244,0.995390074842,1.11286861627,1.06632050979,0.987323464353,1.10884387598,1.11958224543,1.07994371458,1.04078830077,1.08856708752,1.10024109295,1.0353013924,1.04176217609,1.11010830325,1.00342743754,0.92229820164,1.08952233835,1.08991825613,0.993032636597,1.04623296477,1.11237366186,1.0976560032,1.04262679431,1.12180629828,1.00927643785,1.08878177719,0.992410974898,1.04180975275,1.11191413046,1.08582628188,0.948892792981,1.04032024694,1.00268492572,1.04967108399,1.03110500086,0.940729665724,1.06587368886,1.01922651934,1.03469626436,1.05861705862,1.08042552631,1.0523748127,0.960678032916,1.00842900187,1.10019274658,1.01870913446,1.03586707731,,1.06181832461,0.983758500652,0.977356746765,1.04056507507,1.16203875108,0.990849386507,0.996278838998,1.08314049375,0.98976109215,1.07785534896,1.04734319329,1.08191449528,,1.06379397408,1.01982017243,0.980147475893,1.03200834454,1.01877664363,0.935528250866,1.07523101647,1.05661415698,1.08405483405,1.05134045909,1.06519357621,0.987968919709,0.993667803215,1.1097853411,1.11096739297,1.04573062218,1.13945536395,0.982129129165,1.00481942048,1.15655970615,1.07233133567,1.04802224713,1.05890562973,0.992437309274,,0.975050558578,1.0236248615,0.975609756098,1.0983166626,0.99514378524,1.03068440463,1.07809953617,1.0480984039,1.03725602021,1.04251671938,1.02955748363,1.09852736871,1.07231123987,1.02964556252,1.07084557623,0.984783270868,0.98274536602,0.948831783272,1.00310675956,1.06992258795,0.985048372911,1.14019778941,1.06190315695,1.01071871057,1.01689973422,1.12393736018,1.07487062622,1.00190324021,0.987134917296,1.07195301028,1.03259244493,1.05157886267,1.04824362054,0.909432720778,1.0994093191,1.05255156337,0.995656775795,1.079678935,0.99525582819,1.16739628935,1.078407803,1.08405685253,1.02134450429,0.956228092673,0.932269264653,1.01389473684,0.959330535496,1.03892596302,0.963219085345,1.10675191874,1.06165929403,1.06990234129,0.998154574682,1.17532981194,1.04520449653,0.988127154347,1.07536202325,1.04934663947,0.987300499465,1.0318623885,0.972143846509,0.988471153009,1.05355441204,1.13734701446,0.960860648188,0.99550295858,0.996507455926,1.02617641621,1.0046438007,1.06031693354,0.996299094623,1.07712563934,1.00710941564,0.953624242943,1.00613951519,1.03324027012,1.05799690366,1.02541609917,1.02257669325,1.07004610567,1.01479020757,1.00084562188,1.14433908745,1.03059655244,1.00628061077,0.983345722968,0.971957465377,1.02930260507,1.03949550335,1.05953691116,1.03367304946,1.02914658149,1.12187748089,0.966259919403,1.08618831608,1.00257518731,0.987575116015,1.01473567308,0.956744945799,1.15942688714,1.00883897122,1.06539495713,1.06199474163,1.0303861821,,0.959409594096,0.913681288439,0.968267340635,1.04144831923,0.939288811795,0.972225651154,1.02296181631,1.11314870092,1.05533317636,1.07287849529,1.09145333512,1.0548072126,,,0.944844466624,1.08867115466,1.00993917816,1.08378838997,0.982157321053,0.939142332929,1.03401307597,1.05248425472,0.889715382851,1.04090335005,1.04398076878,0.99499133115,1.0752901991,0.982238486255,1.07983203717,0.972937110081,0.943603851444,1.13651193913
