,1101,1102,1103,1104,1105,1106,1107,1108,1109,1110,1111,1112,1113,1114,1115,1116,1117,1118,1119,1120,1121,1122,1123,1124,1125,1126,1127,1128,1129,1130,1131,1132,1133,1134,1135,1136,1137,1138,1139,1140,1141,1142,1143,1144,1145,1146,1147,1148,1149,1150,1151,1152,1153,1154,1155,1156,1157,1158,1159,1160,1161,1162,1163,1164,1165,1166,1167,1168,1169,1170,1171,1172,1173,1174,1175,1176,1177,1178,1179,1180,1181,1182,1183,1184,1185,1186,1187,1188,1189,1190,1191,1192,1193,1194,1195,1196,1197,1198,1199,1200,1201,1202,1203,1204,1205,1206,1207,1208,1209,1210,1211,1212,1213,1214,1215,1216,1217,1218,1219,1220,1221,1222,1223,1224,1225,1226,1227,1228,1229,1230,1231,1232,1233,1234,1235,1236,1237,1238,1239,1240,1241,1242,1243,1244,1245,1246,1247,1248,1249,1250,1251,1252,1253,1254,1255,1256,1257,1258,1259,1260,1261,1262,1263,1264,1265,1266,1267,1268,1269,1270,1271,1272,1273,1274,1275,1276,1277,1278,1279,1280,1281,1282,1283,1284,1285,1286,1287,1288,1289,1290,1291,1292,1293,1294,1295,1296,1297,1298,1299,1300,1301,1302,1303,1304,1305,1306,1307,1308,1309,1310,1311,1312,1313,1314,1315,1316,1317,1318,1319,1320,1321,1322,1323,1324,1325,1326,1327,1328,1329,1330,1331,1332,1333,1334,1335,1336,1337,1338,1339,1340,1341,1342,1343,1344,1345,1346,1347,1348,1349,1350,1351,1352,1353,1354,1355,1356,1357,1358,1359,1360,1361,1362,1363,1364,1365,1366,1367,1368,1369,1370,1371,1372,1373,1374,1375,1376,1377,1378,1379,1380,1381,1382,1383,1384,1385,1386,1387,1388,1389,1390,1391,1392,1393,1394,1395,1396,1397,1398,1399,1400,1401,1402,1403,1404,1405,1406,1407,1408,1409,1410,1411,1412,1413,1414,1415,1416,1417,1418,1419,1420,1421,1422,1423,1424,1425,1426,1427,1428,1429,1430,1431,1432,1433,1434,1435,1436,1437,1438,1439,1440,1441,1442,1443,1444,1445,1446,1447,1448,1449,1450,1451,1452,1453,1454,1455,1456,1457,1458,1459,1460,1461,1462,1463,1464
1985,,,,,,,,,,,,,,,,,,,,,,,,,,,,,,,,,,,,,,,,,,,,,,,,,,,,,,,,,,,,,,,,,,,,,,,,,,,,,,,,,,,,,,,,,,,,,,,,,,,,,,,,,,,,,,,,,,,,,,,,,,,,,,,,,,,,,,,,,,,,,,,,,,,,,,,,,,,,,,,,,,,,,,,,,,,,,,,,,,,,,,,,,,,,,,,,,,,,,,,,,,,,,,,,,,,,,,,,,,,,,,,,,,,,,,,,,,,,,,,,,,,,,,,,,,,,,,,,,,,,,,,,,,,,,,,,,,,,,,,,,,,,,,,,,,,,,,,,,,,,,,,,,,,,,,,,,,,,,,,,,,,,,,,,,,,,,,,,,,,,,,,,,,,,,,,,,,,,,,,,,,,,
1986,,,,,,,,,,,,,,,,,,,,,,,,,,,,,,,,,,,,,,,,,,,,,,,,,,,,,,,,,,,,,,,,,,,,,,,,,,,,,,,,,,,,,,,,,,,,,,,,,,,,,,,,,,,,,,,,,,,,,,,,,,,,,,,,,,,,,,,,,,,,,,,,,,,,,,,,,,,,,,,,,,,,,,,,,,,,,,,,,,,,,,,,,,,,,,,,,,,,,,,,,,,,,,,,,,,,,,,,,,,,,,,,,,,,,,,,,,,,,,,,,,,,,,,,,,,,,,,,,,,,,,,,,,,,,,,,,,,,,,,,,,,,,,,,,,,,,,,,,,,,,,,,,,,,,,,,,,,,,,,,,,,,,,,,,,,,,,,,,,,,,,,,,,,,,,,,,,,,,,,,,,,,
1987,,,,,,,,,,,,,,,,,,,,,,,,,,,,,,,,,,,,,,,,,,,,,,,,,,,,,,,,,,,,,,,,,,,,,,,,,,,,,,,,,,,,,,,,,,,,,,,,,,,,,,,,,,,,,,,,,,,,,,,,,,,,,,,,,,,,,,,,,,,,,,,,,,,,,,,,,,,,,,,,,,,,,,,,,,,,,,,,,,,,,,,,,,,,,,,,,,,,,,,,,,,,,,,,,,,,,,,,,,,,,,,,,,,,,,,,,,,,,,,,,,,,,,,,,,,,,,,,,,,,,,,,,,,,,,,,,,,,,,,,,,,,,,,,,,,,,,,,,,,,,,,,,,,,,,,,,,,,,,,,,,,,,,,,,,,,,,,,,,,,,,,,,,,,,,,,,,,,,,,,,,,,
1988,,,,,,,,,,,,,,,,,,,,,,,,,,,,,,,,,,,,,,,,,,,,,,,,,,,,,,,,,,,,,,,,,,,,,,,,,,,,,,,,,,,,,,,,,,,,,,,,,,,,,,,,,,,,,,,,,,,,,,,,,,,,,,,,,,,,,,,,,,,,,,,,,,,,,,,,,,,,,,,,,,,,,,,,,,,,,,,,,,,,,,,,,,,,,,,,,,,,,,,,,,,,,,,,,,,,,,,,,,,,,,,,,,,,,,,,,,,,,,,,,,,,,,,,,,,,,,,,,,,,,,,,,,,,,,,,,,,,,,,,,,,,,,,,,,,,,,,,,,,,,,,,,,,,,,,,,,,,,,,,,,,,,,,,,,,,,,,,,,,,,,,,,,,,,,,,,,,,,,,,,,,,
1989,,,,,,,,,,,,,,,,,,,,,,,,,,,,,,,,,,,,,,,,,,,,,,,,,,,,,,,,,,,,,,,,,,,,,,,,,,,,,,,,,,,,,,,,,,,,,,,,,,,,,,,,,,,,,,,,,,,,,,,,,,,,,,,,,,,,,,,,,,,,,,,,,,,,,,,,,,,,,,,,,,,,,,,,,,,,,,,,,,,,,,,,,,,,,,,,,,,,,,,,,,,,,,,,,,,,,,,,,,,,,,,,,,,,,,,,,,,,,,,,,,,,,,,,,,,,,,,,,,,,,,,,,,,,,,,,,,,,,,,,,,,,,,,,,,,,,,,,,,,,,,,,,,,,,,,,,,,,,,,,,,,,,,,,,,,,,,,,,,,,,,,,,,,,,,,,,,,,,,,,,,,,
1990,,,,,,,,,,,,,,,,,,,,,,,,,,,,,,,,,,,,,,,,,,,,,,,,,,,,,,,,,,,,,,,,,,,,,,,,,,,,,,,,,,,,,,,,,,,,,,,,,,,,,,,,,,,,,,,,,,,,,,,,,,,,,,,,,,,,,,,,,,,,,,,,,,,,,,,,,,,,,,,,,,,,,,,,,,,,,,,,,,,,,,,,,,,,,,,,,,,,,,,,,,,,,,,,,,,,,,,,,,,,,,,,,,,,,,,,,,,,,,,,,,,,,,,,,,,,,,,,,,,,,,,,,,,,,,,,,,,,,,,,,,,,,,,,,,,,,,,,,,,,,,,,,,,,,,,,,,,,,,,,,,,,,,,,,,,,,,,,,,,,,,,,,,,,,,,,,,,,,,,,,,,,
1991,,,,,,,,,,,,,,,,,,,,,,,,,,,,,,,,,,,,,,,,,,,,,,,,,,,,,,,,,,,,,,,,,,,,,,,,,,,,,,,,,,,,,,,,,,,,,,,,,,,,,,,,,,,,,,,,,,,,,,,,,,,,,,,,,,,,,,,,,,,,,,,,,,,,,,,,,,,,,,,,,,,,,,,,,,,,,,,,,,,,,,,,,,,,,,,,,,,,,,,,,,,,,,,,,,,,,,,,,,,,,,,,,,,,,,,,,,,,,,,,,,,,,,,,,,,,,,,,,,,,,,,,,,,,,,,,,,,,,,,,,,,,,,,,,,,,,,,,,,,,,,,,,,,,,,,,,,,,,,,,,,,,,,,,,,,,,,,,,,,,,,,,,,,,,,,,,,,,,,,,,,,,
1992,,,,,,,,,,,,,,,,,,,,,,,,,,,,,,,,,,,,,,,,,,,,,,,,,,,,,,,,,,,,,,,,,,,,,,,,,,,,,,,,,,,,,,,,,,,,,,,,,,,,,,,,,,,,,,,,,,,,,,,,,,,,,,,,,,,,,,,,,,,,,,,,,,,,,,,,,,,,,,,,,,,,,,,,,,,,,,,,,,,,,,,,,,,,,,,,,,,,,,,,,,,,,,,,,,,,,,,,,,,,,,,,,,,,,,,,,,,,,,,,,,,,,,,,,,,,,,,,,,,,,,,,,,,,,,,,,,,,,,,,,,,,,,,,,,,,,,,,,,,,,,,,,,,,,,,,,,,,,,,,,,,,,,,,,,,,,,,,,,,,,,,,,,,,,,,,,,,,,,,,,,,,
1993,,,,,,,,,,,,,,,,,,,,,,,,,,,,,,,,,,,,,,,,,,,,,,,,,,,,,,,,,,,,,,,,,,,,,,,,,,,,,,,,,,,,,,,,,,,,,,,,,,,,,,,,,,,,,,,,,,,,,,,,,,,,,,,,,,,,,,,,,,,,,,,,,,,,,,,,,,,,,,,,,,,,,,,,,,,,,,,,,,,,,,,,,,,,,,,,,,,,,,,,,,,,,,,,,,,,,,,,,,,,,,,,,,,,,,,,,,,,,,,,,,,,,,,,,,,,,,,,,,,,,,,,,,,,,,,,,,,,,,,,,,,,,,,,,,,,,,,,,,,,,,,,,,,,,,,,,,,,,,,,,,,,,,,,,,,,,,,,,,,,,,,,,,,,,,,,,,,,,,,,,,,,
1994,,,,,,,,,,,,,,,,,,,,,,,,,,,,,,,,,,,,,,,,,,,,,,,,,,,,,,,,,,,,,,,,,,,,,,,,,,,,,,,,,,,,,,,,,,,,,,,,,,,,,,,,,,,,,,,,,,,,,,,,,,,,,,,,,,,,,,,,,,,,,,,,,,,,,,,,,,,,,,,,,,,,,,,,,,,,,,,,,,,,,,,,,,,,,,,,,,,,,,,,,,,,,,,,,,,,,,,,,,,,,,,,,,,,,,,,,,,,,,,,,,,,,,,,,,,,,,,,,,,,,,,,,,,,,,,,,,,,,,,,,,,,,,,,,,,,,,,,,,,,,,,,,,,,,,,,,,,,,,,,,,,,,,,,,,,,,,,,,,,,,,,,,,,,,,,,,,,,,,,,,,,,
1995,,,,,,,,,,,,,,,,,,,,,,,,,,,,,,,,,,,,,,,,,,,,,,,,,,,,,,,,,,,,,,,,,,,,,,,,,,,,,,,,,,,,,,,,,,,,,,,,,,,,,,,,,,,,,,,,,,,,,,,,,,,,,,,,,,,,,,,,,,,,,,,,,,,,,,,,,,,,,,,,,,,,,,,,,,,,,,,,,,,,,,,,,,,,,,,,,,,,,,,,,,,,,,,,,,,,,,,,,,,,,,,,,,,,,,,,,,,,,,,,,,,,,,,,,,,,,,,,,,,,,,,,,,,,,,,,,,,,,,,,,,,,,,,,,,,,,,,,,,,,,,,,,,,,,,,,,,,,,,,,,,,,,,,,,,,,,,,,,,,,,,,,,,,,,,,,,,,,,,,,,,,,
1996,,,,,,,,,,,,,,,,,,,,,,,,,,,,,,,,,,,,,,,,,,,,,,,,,,,,,,,,,,,,,,,,,,,,,,,,,,,,,,,,,,,,,,,,,,,,,,,,,,,,,,,,,,,,,,,,,,,,,,,,,,,,,,,,,,,,,,,,,,,,,,,,,,,,,,,,,,,,,,,,,,,,,,,,,,,,,,,,,,,,,,,,,,,,,,,,,,,,,,,,,,,,,,,,,,,,,,,,,,,,,,,,,,,,,,,,,,,,,,,,,,,,,,,,,,,,,,,,,,,,,,,,,,,,,,,,,,,,,,,,,,,,,,,,,,,,,,,,,,,,,,,,,,,,,,,,,,,,,,,,,,,,,,,,,,,,,,,,,,,,,,,,,,,,,,,,,,,,,,,,,,,,
1997,,,,,,,,,,,,,,,,,,,,,,,,,,,,,,,,,,,,,,,,,,,,,,,,,,,,,,,,,,,,,,,,,,,,,,,,,,,,,,,,,,,,,,,,,,,,,,,,,,,,,,,,,,,,,,,,,,,,,,,,,,,,,,,,,,,,,,,,,,,,,,,,,,,,,,,,,,,,,,,,,,,,,,,,,,,,,,,,,,,,,,,,,,,,,,,,,,,,,,,,,,,,,,,,,,,,,,,,,,,,,,,,,,,,,,,,,,,,,,,,,,,,,,,,,,,,,,,,,,,,,,,,,,,,,,,,,,,,,,,,,,,,,,,,,,,,,,,,,,,,,,,,,,,,,,,,,,,,,,,,,,,,,,,,,,,,,,,,,,,,,,,,,,,,,,,,,,,,,,,,,,,,
1998,,,,,,,,,,,,,,,,,,,,,,,,,,,,,,,,,,,,,,,,,,,,,,,,,,,,,,,,,,,,,,,,,,,,,,,,,,,,,,,,,,,,,,,,,,,,,,,,,,,,,,,,,,,,,,,,,,,,,,,,,,,,,,,,,,,,,,,,,,,,,,,,,,,,,,,,,,,,,,,,,,,,,,,,,,,,,,,,,,,,,,,,,,,,,,,,,,,,,,,,,,,,,,,,,,,,,,,,,,,,,,,,,,,,,,,,,,,,,,,,,,,,,,,,,,,,,,,,,,,,,,,,,,,,,,,,,,,,,,,,,,,,,,,,,,,,,,,,,,,,,,,,,,,,,,,,,,,,,,,,,,,,,,,,,,,,,,,,,,,,,,,,,,,,,,,,,,,,,,,,,,,,
1999,,,,,,,,,,,,,,,,,,,,,,,,,,,,,,,,,,,,,,,,,,,,,,,,,,,,,,,,,,,,,,,,,,,,,,,,,,,,,,,,,,,,,,,,,,,,,,,,,,,,,,,,,,,,,,,,,,,,,,,,,,,,,,,,,,,,,,,,,,,,,,,,,,,,,,,,,,,,,,,,,,,,,,,,,,,,,,,,,,,,,,,,,,,,,,,,,,,,,,,,,,,,,,,,,,,,,,,,,,,,,,,,,,,,,,,,,,,,,,,,,,,,,,,,,,,,,,,,,,,,,,,,,,,,,,,,,,,,,,,,,,,,,,,,,,,,,,,,,,,,,,,,,,,,,,,,,,,,,,,,,,,,,,,,,,,,,,,,,,,,,,,,,,,,,,,,,,,,,,,,,,,,
2000,,,,,,,,,,,,,,,,,,,,,,,,,,,,,,,,,,,,,,,,,,,,,,,,,,,,,,,,,,,,,,,,,,,,,,,,,,,,,,,,,,,,,,,,,,,,,,,,,,,,,,,,,,,,,,,,,,,,,,,,,,,,,,,,,,,,,,,,,,,,,,,,,,,,,,,,,,,,,,,,,,,,,,,,,,,,,,,,,,,,,,,,,,,,,,,,,,,,,,,,,,,,,,,,,,,,,,,,,,,,,,,,,,,,,,,,,,,,,,,,,,,,,,,,,,,,,,,,,,,,,,,,,,,,,,,,,,,,,,,,,,,,,,,,,,,,,,,,,,,,,,,,,,,,,,,,,,,,,,,,,,,,,,,,,,,,,,,,,,,,,,,,,,,,,,,,,,,,,,,,,,,,
2001,,,,,,,,,,,,,,,,,,,,,,,,,,,,,,,,,,,,,,,,,,,,,,,,,,,,,,,,,,,,,,,,,,,,,,,,,,,,,,,,,,,,,,,,,,,,,,,,,,,,,,,,,,,,,,,,,,,,,,,,,,,,,,,,,,,,,,,,,,,,,,,,,,,,,,,,,,,,,,,,,,,,,,,,,,,,,,,,,,,,,,,,,,,,,,,,,,,,,,,,,,,,,,,,,,,,,,,,,,,,,,,,,,,,,,,,,,,,,,,,,,,,,,,,,,,,,,,,,,,,,,,,,,,,,,,,,,,,,,,,,,,,,,,,,,,,,,,,,,,,,,,,,,,,,,,,,,,,,,,,,,,,,,,,,,,,,,,,,,,,,,,,,,,,,,,,,,,,,,,,,,,,
2002,,,,,,,,,,,,,,,,,,,,,,,,,,,,,,,,,,,,,,,,,,,,,,,,,,,,,,,,,,,,,,,,,,,,,,,,,,,,,,,,,,,,,,,,,,,,,,,,,,,,,,,,,,,,,,,,,,,,,,,,,,,,,,,,,,,,,,,,,,,,,,,,,,,,,,,,,,,,,,,,,,,,,,,,,,,,,,,,,,,,,,,,,,,,,,,,,,,,,,,,,,,,,,,,,,,,,,,,,,,,,,,,,,,,,,,,,,,,,,,,,,,,,,,,,,,,,,,,,,,,,,,,,,,,,,,,,,,,,,,,,,,,,,,,,,,,,,,,,,,,,,,,,,,,,,,,,,,,,,,,,,,,,,,,,,,,,,,,,,,,,,,,,,,,,,,,,,,,,,,,,,,,
2003,,1.0378595361,1.10980668389,1.03668474631,0.930302123841,0.93738075501,0.966479496342,0.933574916316,,1.02809046783,1.0391293392,1.10386305806,1.09059405941,1.01066845333,0.759137886005,0.919895539093,1.05864334483,,0.850955898672,1.03027630805,,1.02405049516,1.03755779938,1.01618693211,1.03322724379,0.948147424468,0.976524290838,1.03853286627,0.950602176853,1.11572642968,1.02580839526,0.980218159975,1.01918567211,,1.04358780549,,0.90920606325,0.953957742037,1.12246049661,1.10435028457,1.09741266245,0.977094665402,1.05014950045,0.943085803519,0.993158466083,,1.0099517622,1.03501594122,0.969787822878,0.994576177771,1.10643564356,0.927808566081,1.02981548001,0.910430259479,1.03603968962,0.962765567318,0.999757063035,1.0377887829,0.978745286253,1.04581295093,1.07308584687,0.818470559492,1.08547984222,0.947231896941,0.927781334207,1.14093740115,,1.01116436269,1.008520347,0.920857523436,0.954668733049,1.02734839477,1.12229030157,0.972439405786,1.02132316063,1.01790763431,1.02027504484,1.08668963605,0.993405125637,0.996282713994,1.10868144007,0.94510503135,1.06770704726,1.0133167463,1.03509908043,0.996941370119,0.965103097521,,0.94312531173,1.02269217061,1.04096129589,1.01430429129,0.98695854681,0.920498994361,,1.11473002262,1.02188701568,0.92223933128,0.970072239422,0.910703279287,1.03733581549,0.969875880577,1.02836703264,1.03460530992,0.912219475547,0.96450316528,1.01053689053,1.12384356602,1.0302154658,1.03276566079,1.10453557723,0.936335312445,,0.999242644917,,0.982950757215,0.982606368745,1.02246907347,0.9768847936,0.92275237327,1.06517651421,0.88507821085,,1.025245982,0.967489795328,0.981487679909,1.10905542743,1.1043468713,0.979628128351,,1.06921218438,0.893874734878,1.03853916616,1.01345548239,1.02812878995,0.954173604575,1.03406050161,0.937462860403,0.944019538531,1.0582782907,0.976362808119,1.0937289883,1.03258653288,,1.12737512367,1.11612213912,0.987882112402,1.0070947995,0.937921821294,0.981014995937,0.931212782121,1.0107512155,0.940979150401,0.996468273721,,0.98482547122,1.12219593861,0.967161854147,0.881694047365,1.03278615199,1.08064362563,,1.01039892197,1.06090986589,1.00642085806,1.15406353922,1.04425375262,1.0922787194,0.940417446931,0.993368593444,0.945931419972,1.05548500537,1.08252655557,0.985129877488,0.997973657548,1.03571205204,1.02667684804,1.03593975245,1.04714310866,1.04504101972,1.05629205882,1.01550607601,1.01355518522,0.949920968426,1.0165210712,0.977244171437,1.13074398249,0.968453022436,0.862691286579,1.08078199926,0.934566707083,1.00639187732,1.08881286534,,,1.02828008482,,0.904201192034,0.867027471398,,1.07224841409,,,0.916304388445,1.07086466825,0.927351561809,1.03862364403,1.06285209896,1.00919404269,1.07554417414,0.829092999856,,0.923061368921,1.00004391936,,,0.946667545652,0.995280383276,1.00005365095,1.01118105257,1.00761537501,0.862254575281,1.09852674424,1.0710958503,1.02060047952,0.981724777858,,1.0942825658,1.00615912763,0.997933683729,1.07607601062,1.08675223825,0.963906413258,0.982241436648,1.09485361027,0.920930838928,1.07660049293,1.09496550712,0.957863952894,0.853368441525,0.989976608045,,1.0667505307,1.04057754543,1.02596838853,1.02564102564,0.899180619879,0.991603552157,1.02906170708,1.01001783999,0.992759474235,1.06340647617,0.96667177053,0.995600939074,,1.08414749448,0.950387787763,1.03325558147,1.01313265018,1.02748055968,1.05868250422,1.06129019057,0.942800788955,1.05207895842,0.969676634652,0.819916480863,,0.945169558941,1.03505537468,,0.986547085202,1.0711419601,1.04496911067,1.0114453021,1.0313667442,0.966076986722,,0.977012970335,0.950804800608,0.935085007728,1.0093447095,1.07739036574,1.03287447926,0.963430457403,1.02770330652,1.0702760612,0.998081697134,0.980659637671,1.00187969925,1.0551603938,0.969557665435,0.965212494043,1.10127407407,0.993814118066,1.01331570498,1.04518520452,1.04080554012,0.933021464663,1.04060759,1.11102724734,0.983262577465,1.02566825047,1.05454371624,1.01657647882,1.0229072896,0.836476912764,1.08308504105,1.04112466869,1.05927328926,0.901866568102,1.03021297672,1.01607688755,,1.03499379164,0.9550133435,1.04414371061,1.01227634541,1.0631710362,0.948235583426,0.937581721836,1.00764885999,0.979132825191,1.07245723445,1.0605769122,1.00862495193,0.957002787249,0.927698821499,1.07236595426,1.07887097434,,0.925753735241,,1.04187869878,1.04281962006,0.968621604916,1.02325218274,1.01723571127,1.02659349937,1.02379725194,0.912117795317,0.981811242091,0.947130336443,1.06053869375,1.04359023888,,,1.08223007786,1.11651200471,0.980379865856,0.974014359813,1.10479368543,0.997284112703,1.01821491187,1.0836642187,1.05812880139,0.998293633728,1.00418410042,1.1165550656,1.03556956326,1.00802213001,1.05817722216,1.11963171892,0.990511326318,0.920652128591
2004,,1.11147757256,1.04974396489,1.07211427694,0.958424093191,0.946511568189,0.883535231035,0.912803857888,,1.02150931419,0.932086820693,1.14544900653,1.0349824053,1.02408025813,0.742251760216,1.00203994127,1.04334885772,,0.769230769231,1.03274758279,,0.986373553991,1.01270394016,0.968368359729,1.06066756583,0.891865829185,0.908220351797,1.09378544745,1.06248935808,1.04834290343,1.03405555709,1.02571887611,0.956782654987,,0.994628684429,,0.975361807271,1.06049709278,1.04705660432,1.0856275501,0.944557061062,0.988290842978,0.990101626822,0.902171669964,0.989961581361,,1.02173062148,1.04361124295,0.895946410682,1.07923032726,1.09180885613,0.992628023373,1.11182062434,0.831207384387,0.943379288233,0.908959480595,0.986807107139,1.03278154817,0.988291437767,1.05487901313,0.987804260918,0.949404923645,1.11833577925,0.957254153652,1.00738382147,1.03776398189,,1.0118223453,0.982528366302,0.978278358809,0.869917115065,0.988665920944,1.05446876591,0.970499169679,0.98838461428,1.02105322572,1.07833937765,1.04313368497,0.962521404385,1.05026410827,1.12999103357,1.01646777448,0.957680087116,1.01950748179,0.979170777079,1.03608111667,1.00404678135,,0.960376261158,1.02837121471,0.985459202893,1.01533300757,1.00670141474,1.00641718025,,1.10523418615,0.988754799781,0.828942746751,1.02937441801,0.896930533118,1.01675265202,1.02424629778,1.06776782769,1.01350933788,0.947439657117,1.01003800349,0.963577980478,1.01504603638,1.06314605538,1.06361236481,1.1842447836,0.932598558711,,0.966521790203,,0.93808933671,0.8864659271,1.04993399084,0.967313836323,1.00560440504,0.965790185499,0.905085420279,,0.887880666306,0.973125733177,0.975932668211,1.06537054766,1.09392084658,0.964778372977,,0.990677832201,0.93393946369,0.992655400967,1.01125156272,1.02779260436,0.922101343883,1.10894824022,0.891814108247,0.986468437597,1.05018753349,0.968869207992,1.05810490181,1.017930348,,1.07473273026,1.06280427253,0.98213499956,1.05934924908,0.977833022581,0.985240098845,0.986836773678,0.964223385689,0.92718439686,0.941993433219,,0.970783015193,1.03290720848,0.961707438206,0.876526281423,0.970799608433,1.01608944641,,0.992662127322,1.08637869569,0.909847434119,1.0566245948,0.986100950988,1.02825371861,0.991167319081,0.985288125114,0.896995538711,1.06418700762,1.00333796262,1.02081734696,1.00990639962,1.01621593949,1.0940965255,1.02405456428,0.975905607322,1.09168594435,1.07610372804,1.06253869969,1.01381430997,0.99952317159,0.965018094089,0.969442124363,1.07111990856,0.959627329193,,1.02704723919,0.977497098212,1.01134627973,1.13432696132,,,0.98604933001,,0.809411764706,0.759570922236,,1.08478898381,,,1.08945290153,1.08267010827,0.921253433717,1.06575792759,0.985119636901,1.0013086648,1.10836353782,0.89263209664,,0.92844997436,1.08630674388,,,0.985688209307,1.01323287936,1.00763512156,1.03576405016,1.00298876058,0.955593622348,1.07863274872,1.01534128808,0.986825874574,1.0109781862,,1.00828513366,1.13244289102,1.02747880464,1.08162216983,1.07423148124,0.986999068628,1.06091980469,1.07279906568,0.909724351292,1.09607456533,1.09993761697,1.00428092098,0.953326713009,0.890450148364,,1.05160977188,1.06386087973,1.00786995226,0.989253343192,0.958556056925,1.0240324293,1.03561780663,0.994881059922,1.00852290147,1.02601507416,0.987304141495,1.01318455749,,1.06704523456,0.981552642309,0.972477321481,0.989632422243,0.940798311265,1.01300900624,0.953618132106,0.935750350834,1.01688624977,0.994319585083,0.825717227441,,1.03642529763,1.0623591512,,1.06992295392,1.02240091901,0.983649381954,0.977073822795,0.994612273504,1.04317589105,,0.934648094256,0.947362643394,0.968710146981,0.990602741366,0.966031609123,0.996308122131,1.02034701604,0.916109955098,1.14278218666,0.973640341738,1.07584913788,1.0537428023,1.09429540549,0.960397169596,0.946593373342,1.0646923107,0.992688504525,0.972262225283,1.0284695999,1.04249409444,1.00535986677,1.04724409449,1.12047259345,1.02101112055,1.0200805844,1.05538644711,0.986795456674,1.06672215286,0.910726216786,1.15174484422,0.933365279663,0.975201731943,0.953961377487,0.906454308607,1.0231292517,,0.984733156453,0.988725065048,1.06210317203,0.984802431611,1.07388002112,0.911842233721,0.926343583255,0.90735486687,1.00290863827,0.961380550813,1.05307043359,1.00339853126,1.02066626826,0.997184968469,1.06305973106,1.15030484011,,1.08832376265,,1.03183181724,1.00784978422,1.07934264865,1.01380494942,1.0356532296,1.03089589763,0.973200448549,0.818319728383,0.962813408365,0.932646561554,1.07143846431,1.13977334053,,,0.972247509559,1.12962806984,1.06720835245,0.959370283787,1.04181259381,1.00369449671,0.993609681615,1.08529486206,1.05191644947,1.01049769655,1.00211360244,1.11091627662,0.956140575735,1.01772928742,1.01448712471,1.06711971807,0.97984370945,0.957338922318
2005,,1.08622192321,1.04495114007,1.14030888615,0.940596384128,0.876213989696,1.01680751553,0.793654727971,,1.00455279777,1.01194843308,1.10855769433,1.075968886,1.00310643303,0.831044710535,1.04721490586,1.035450894,,0.85510987973,1.01126188498,,0.987386025417,1.0609900321,0.999534378395,1.00410836558,0.920466191577,0.953258793198,1.04229966816,1.01733249244,1.08369878124,1.01370600825,1.05534280925,0.987859763246,,0.981761223352,,0.993472617758,1.04252155148,1.06118516139,0.97182523479,0.943184000439,0.950103272095,0.973982322918,0.886638448251,1.00796139928,,0.92953565623,1.05126203487,0.90212173913,1.09148798567,0.999356355659,0.972919161072,1.08990948092,0.90079584876,0.983323367218,0.967319868257,0.98547732314,1.01201073193,0.966194708111,1.01189528231,1.02297429777,0.953638013529,1.08843537415,0.917395428616,1.01076673095,1.09955388862,,1.05311262313,1.01710149727,0.949172482019,0.920799544524,1.05303932399,1.015953776,0.939384765852,1.01244644985,1.05771477529,1.06491789121,1.01209620037,1.01547205557,1.04502859598,1.12198609825,0.991275886254,1.00899707457,1.04272425431,1.01342323781,0.913209313854,0.905010075742,,0.901585161951,0.990738966596,1.03367511581,1.04664132389,1.01023350204,1.00267234187,,1.13696874076,0.960873166691,0.949825596995,0.978241323503,0.956289867196,1.00114313218,1.01293844888,1.08602111438,1.00543891456,1.0095642933,1.07223874578,1.04683117945,0.90250965251,1.02882925422,1.03525273912,1.15922400712,0.923304304986,,0.948215787577,,0.889055011948,0.952856467126,1.03159586325,0.985788377998,1.06210259117,1.03121458741,1.00704981558,,0.908837327247,0.945302713987,0.911687487378,1.0400473011,1.17479366393,1.01445639976,,1.0121715037,0.927311532517,1.01075146482,1.05350719424,1.00298416873,0.93206397152,1.10100804695,0.878689681018,0.959365808708,0.980066912199,0.902015565755,1.08777250242,1.03928881909,,1.03445252915,1.08063216004,0.957916518393,0.913597733711,1.02027468934,0.937453106882,0.95776802078,0.983173684654,0.923986850956,0.960448379084,0.854364591483,0.99681166856,1.14381255583,0.965908368408,0.919964118409,0.981149216443,1.09893695797,,0.916632915692,1.04727740001,1.02820889262,1.060417904,1.00489273617,1.04365937313,0.975966420689,0.973063038045,0.774477986651,1.03377411476,1.04723645934,1.05600126467,1.04930232558,0.970802270793,1.15554380864,1.01151178588,0.994447375694,1.04750607242,0.978421378555,1.07344713202,1.05393948253,0.993070039696,0.99570154616,0.94707141202,0.932692759112,0.929549438575,,0.984471601276,0.959656372336,1.02956979052,1.08685705852,0.918820151397,,1.05015072623,,0.939317401723,0.834455782679,,1.11370331095,,,1.01356743815,1.02613672496,0.954525984165,1.1301715439,0.946338480355,1.00237609878,1.16147841625,0.947290564774,,0.926468150931,1.14552114552,,,0.979482745067,1.02954352405,1.01402737874,1.09153869316,0.964160447269,1.02481907815,1.04923528179,1.0615324574,1.07922040144,1.05555233064,,1.11676339232,1.14981915096,1.05305033581,1.10020464084,1.02562729293,1.02347845908,1.11837462887,1.00881462965,0.949631223917,1.04381458311,1.1095138347,1.01664268524,1.01658942844,0.788737969767,,1.01167834501,1.05446159305,0.962486514537,1.02252781334,0.98510014998,0.931114751272,1.05000254855,1.00238416088,1.07671937845,1.02711563785,0.993459723487,0.997417997514,,1.04203440174,0.915024165288,0.967280055152,1.09980844177,1.04342978767,0.993973461611,0.97903638344,0.918770125688,0.959548710502,1.02876464866,0.788112754024,,0.974374825216,1.03205723009,,0.962165420125,0.974464920255,0.916984732824,1.02352184562,0.927880858627,1.04624135196,,1.00265197878,0.99154254921,0.894853426947,1.01588201929,0.89524628392,0.99444712087,1.05232175144,0.957206586991,1.0247574617,0.905202373951,1.03603926345,1.05467532779,1.01145887191,0.972206593901,0.943299443648,1.11305979736,1.0542246954,0.98862940015,1.04735282136,1.03844379144,1.02902505582,1.0275510763,1.11243366563,1.10364364278,1.01404179369,1.08549561322,0.948764959794,1.03092783505,0.936258600545,1.03421942616,0.950901923307,0.981449653292,0.972874123743,0.93688929762,1.06398464898,0.998487972509,1.01389056974,0.926325285072,1.08353626837,1.03340357352,1.03793303897,0.928623283545,0.935217025038,0.990886990534,0.949381440701,1.00475473809,1.01947063044,1.01228432108,0.956688119673,1.00079554495,1.11259444804,1.16341566908,1.02453571112,1.11485903089,,1.0378594744,1.03899821109,1.06357495329,1.09857130247,1.11892867418,1.00941547579,0.993629264283,0.9198574221,0.902387640449,0.998198826332,1.1130707427,1.08670290664,,,0.957461851933,1.16283446436,1.15198138212,0.888825824761,1.0101658641,1.08439286204,1.02673129801,1.07658891302,1.09493302271,0.938158863231,1.0331807933,1.05508430202,1.00452542575,1.02745413151,1.01154928501,1.08432449731,0.975570770173,0.902667373256
2006,,1.11918924873,1.08627088374,1.0692031038,0.973209560454,0.947607113021,1.0537225773,0.919517352905,,0.965087314319,1.00237723112,1.02521084611,0.987485540015,0.962407628448,0.875345235421,1.06785317019,1.01291937655,,0.857628612808,0.987481679687,,1.04266844501,0.970789736854,0.931038966668,1.1193434401,0.939812708069,0.968996911723,1.09106300262,0.995192129429,1.14049349656,0.949285159509,0.946584824344,1.01555752736,,0.91195635274,,1.03916456141,1.03514168531,1.12538161912,1.06856679829,0.863223532601,0.986052546221,1.05630040451,1.04284477622,1.04004160166,,0.952659182282,1.10684008214,0.994152046784,1.03927945959,0.99355036855,1.0116635973,1.04777959848,0.917378839961,1.02099236641,0.908337019018,1.07451460295,1.01662474024,0.911870376893,1.07272184045,1.03880081426,0.966435864335,1.12786733692,0.941828934614,0.975058987016,1.01938420201,,1.07042322175,0.954192140295,1.05982562376,0.948230782639,1.09781351693,0.994155869625,0.950885311148,1.00088142818,0.990420327656,1.02315531287,1.01748978088,1.00423145683,0.958399026704,1.14642977433,0.97274039378,0.936306012209,1.06523719616,0.984626941754,1.05343699864,0.917444510575,,0.969054441261,1.04837969338,0.944077718271,1.0168044935,1.05769356762,1.06844828034,,1.14218350907,0.961351088016,0.882937434146,1.06754027292,1.04452982908,1.02074074074,1.04688610351,1.09015605355,1.0277103182,1.02073853135,1.07042325934,1.11457868926,0.99440353461,0.969908685769,1.0041172801,1.14454459937,0.926849658632,,0.955082088176,,1.00841741457,0.967500133854,1.02589115149,1.00895743621,1.07417876986,0.993649345637,1.00336059857,,0.95623801846,0.930013047944,1.04959141492,1.03759189902,1.08364662828,0.871231921938,,1.05200117229,0.959723944573,1.11084234655,0.988272440235,1.0559752543,0.947168222535,1.08172345328,0.961396819895,0.954053403897,1.08712906777,0.935590581825,1.06116060125,1.01507204037,1.00123304562,1.05969394789,1.06471887987,1.04295961957,0.950028606913,1.04729144498,0.947092272249,0.909611139875,1.05194441854,1.07340953493,0.988861286962,0.966283239976,0.975049362771,1.04228366641,0.969227688405,1.06533334983,1.07403868154,1.06587466587,,0.945800353382,1.0746014665,1.13141972881,1.06429277943,0.962805442851,1.03268540437,0.974209728686,0.971713262239,0.897397689749,1.08479258928,1.01340621191,1.07172985155,1.01560706908,1.07462365302,1.095332338,0.988350292859,0.987273233307,0.979856115108,0.979148257079,1.04136693112,1.0834970909,0.963223433021,1.11686008813,1.04812549854,0.893880423387,0.787409108305,,0.943111405035,0.972441635949,1.03273524175,1.08450685706,0.958403211173,1.04193493337,1.09301224185,,0.935355278839,0.879142467738,,1.10603791504,,,0.988652908414,1.07117654798,0.973332390182,1.02874272147,1.00186952915,0.94928568465,1.0593860714,0.949019918844,,0.922614394805,1.10662742119,,0.98503431359,1.00500598542,1.05565371025,1.04041656335,1.04026178773,0.97622440561,1.06221217652,1.13373912812,1.03862900971,1.06697902247,1.11345738206,,1.08957361428,1.03752607569,1.06507689995,1.08058672482,1.06452000481,0.980726303915,1.10965498449,1.0267149805,1.03826955075,0.933230281515,1.07519417882,0.991144983228,1.02044478803,0.872554007271,,0.944289693593,1.06724431706,0.955521553316,0.99470306611,1.04195665142,1.00886084922,0.959177688086,0.902186155312,0.994827499623,1.03547871411,1.04169856581,0.913071458315,0.894868189361,0.965708134707,0.982997798467,1.01156973108,1.10500209168,1.05628517824,1.08988612213,0.998928797285,0.930028616265,1.01762962761,0.985836469381,0.772944345405,,1.02477441571,0.951948130643,,1.0094685792,1.04788490444,1.0489096926,0.97000435868,1.08528501989,1.0798582309,,0.906574755862,0.921987807961,0.950483049564,1.01878267605,0.986389540731,0.944488653514,0.917011855449,0.929751769486,1.04723083056,0.962257922535,1.03511232239,1.05463308939,1.01199706194,0.992864804365,0.889022293776,1.02840891398,1.06138703345,0.903338002995,1.03390579196,1.11002778726,1.05584900345,1.01267066104,1.13530309022,1.0435189518,0.921590944046,0.987726805695,1.02655743113,1.01736700148,1.0066655493,1.04406477327,0.918150448585,0.903603787724,0.870362514198,0.891898706819,1.04234527687,0.967188593542,1.10064837045,0.896684189244,0.973140286677,1.07908351811,0.952404378305,0.91044841034,0.994642262042,0.957057256991,0.975207437769,1.02707639029,1.01416127305,0.985632361103,1.00509043648,0.988065212304,1.01394098875,1.10739511641,1.02681349212,1.00312939623,,1.04963591422,1.07960402926,1.0860863532,0.979620751161,1.12800278519,1.02381963479,1.03987884907,0.933020811137,0.989813218995,0.956387484242,1.11053934181,0.94052007572,,,0.995357688648,1.05597908952,1.12016131773,0.926647515572,0.98751968981,1.10507368506,1.01462203778,1.06649401101,1.06564697299,0.962417975741,1.0844802089,1.05788571854,0.980262366109,0.995323391864,0.956409956761,1.09059576563,0.95546658454,1.02804003289
2007,,1.15556555234,1.13356672403,1.09087432478,0.83124767027,0.902488822268,1.06448311157,0.898538818144,,0.994020544795,1.0832542576,1.12013894672,0.956270205887,1.00610241443,0.859025831376,1.04196629816,1.02630513962,,0.908872581721,1.01332197959,,1.05919789878,0.923572847558,1.07677351992,1.0611129435,0.840424176353,0.982528528141,,1.03078906241,1.11143131604,0.984390150636,0.968406680236,1.10549846136,,0.965197470403,,1.03159082855,0.94692887931,1.13817204301,1.12032772415,0.968321378014,1.08374001631,1.04798903108,1.00434310532,0.989389554912,0.945230062451,0.982397743952,1.05632664373,0.939425844037,1.03994456269,0.964701261721,1.01005240081,0.979717768449,0.883718162342,1.06269328085,0.950744401523,1.02787599704,1.01661431917,0.895556442873,0.944336258567,1.04185664196,1.03712677471,1.01368780647,0.922562309213,1.03801981355,1.07206106109,,1.05461217525,0.982773491224,0.960347113414,0.923027832973,1.09602359986,1.02828400461,0.94982260517,1.05321785625,0.933803171407,1.0403168214,1.01836571733,1.08439003061,1.01853031886,1.0478923181,1.05907453394,0.94838337647,1.03845185901,0.945327259872,1.10468161206,0.890940960198,,0.930611358454,1.00736854974,1.06921552395,1.02368516944,0.997600959616,1.04391032777,,1.17325908928,0.997282893893,0.949410668719,1.08369883041,1.00337181976,0.99956934654,1.01336649052,1.0599754613,0.958066216398,0.936150642582,1.03383458647,1.13918785421,1.06228805997,0.961582534226,1.10568739079,1.11279220918,0.901096962033,,0.942430560976,,0.971375947722,1.00890577318,1.0099078937,1.029531428,1.10570499408,1.01406294844,1.03226082218,,0.960761339997,0.897105693352,1.04173389265,1.03612453744,1.02339147174,1.01080640228,,1.09931002403,0.972904452543,0.871127188038,1.03820455714,0.955766593875,0.950767809398,1.05233991854,0.984439637975,1.00502770367,0.984441452131,0.993348344851,1.11324456318,1.0445947904,0.987905669066,1.02566577776,1.072910492,1.05042016807,0.933874633768,1.00712457633,0.960746417861,1.01925589881,1.0309251113,1.09762053495,0.969477522503,0.88990274943,0.937023900935,1.06841997123,0.896227540624,1.07372455787,1.07350800582,1.03336972516,,0.970647279041,0.974288247463,1.10223842342,1.05455910285,0.95970554489,1.07175582167,1.07140450574,0.901007705987,0.877613986973,1.10651118204,0.958435207824,1.06292923522,0.991262741835,1.01901928428,1.05370304509,0.935416459349,1.07182850744,1.0807223125,1.05602177364,1.05224028549,1.10086872587,0.989520174621,1.08193024464,0.970010044483,0.988843316489,1.00122303098,,0.925772626932,0.964717669792,0.978928996029,0.98949981175,0.947245660973,1.10084987574,0.981219639692,,0.930017035775,0.982647778347,,1.05612024341,,,1.02876931273,1.14670762051,0.95322551131,1.0854073788,1.06871378039,1.07308364819,1.08378851011,0.976381298615,0.848112603967,0.964586929113,1.15431540006,,0.81187450804,1.05515698171,0.968817701614,1.09976320888,1.03738453995,0.986552457396,1.03650503591,1.15420614085,1.07126470091,1.05586914764,1.12275189724,,1.02706311303,1.04325454253,1.07286288009,1.0601073965,1.12659062217,0.940435858622,1.02131261827,1.08207498457,1.02671446139,1.01585489042,1.11269549218,0.916966806191,1.04318259096,0.823758617244,,0.926671376698,1.08312342569,1.05559946677,1.00125470514,0.954233948422,1.09970142263,0.993227990971,0.972737128097,1.01286511476,1.08331100991,0.938436412696,0.976867540887,0.926343035628,1.03100656789,1.0619618615,1.04895018475,1.04834517415,1.04289967575,1.01544289044,1.01124108938,0.899159155526,1.04887213054,1.0351145424,0.850839875444,,1.016620424,0.974116272276,,1.03236725196,0.985131212606,1.07017389777,0.974666830019,1.04752717217,1.02459881757,,0.974535920553,0.999602461994,0.863076381556,1.03960945301,0.973680282601,0.916119962512,0.987074657525,0.977404617854,1.06219462541,1.01037329418,1.02121212121,0.903543680121,1.03296324561,0.961521349486,0.926066616018,1.05539052944,1.13305662898,0.916755499564,1.08088641329,1.06709646359,0.967517316361,1.04646123669,1.14193113898,1.14544376263,0.960071116379,1.06453939066,0.9389811532,1.01227608816,1.03614601322,1.04843360779,0.984744119598,0.98844525798,1.0173193946,0.88488828224,0.988088499199,0.913226374486,0.982162915038,0.919170333124,1.07808940316,1.10154466256,0.978480501111,1.01249488169,0.973330737785,0.954566793594,1.00536953243,0.952078059206,1.10210985489,1.03901661442,0.992418671873,0.849690008857,1.08672881533,1.07142857143,1.10984657495,1.00485494122,,1.13413905611,0.992063991146,1.09108808663,1.05272994884,1.08481644925,1.09693410337,1.08706764355,1.04393689663,0.974286887183,0.923525556135,1.11375302771,1.03119553648,0.811446118728,,1.00375106775,1.02154258288,1.07666098807,1.06084010165,1.04721414187,1.10953205344,1.05148194178,0.962266864842,1.08193401623,0.997827395754,1.1050606452,1.10389234386,1.02195980657,1.02621388144,1.04436735439,1.15824628722,1.01427968384,0.991726827212
2008,,0.976082349379,1.08726818665,1.07478960691,0.911959565603,1.04996508332,1.03037544809,0.932452364107,,1.05874429775,1.05146351688,1.08800228053,1.0677250032,0.962613918807,0.891797807012,1.04992546825,1.03309943247,,0.904168369432,1.05150715207,,1.08318206086,0.922716502942,1.10527997079,1.08557802325,0.938451300494,1.01456902638,,1.09500737308,1.0306071132,0.960055028743,0.970364141376,1.05997084515,,1.07802054574,,0.945887844727,0.961686808948,1.12781373282,1.05513477272,1.00410164189,0.939087596859,1.10473556861,0.99235817028,0.926322888316,0.927027359613,0.973606899725,1.05003320511,0.989761550125,1.00317006935,1.00665998703,0.979369383008,0.982897582072,0.932979568587,1.08832434986,0.99315690668,1.01105940654,1.04713417638,0.980908569489,0.983799856454,0.959700766018,0.973504644744,1.10810359231,0.91055217224,1.10471806674,1.07191739705,0.979386677498,1.12139286028,1.0323588895,0.894895142351,0.926885752095,1.11981873606,1.0813551159,0.941255729461,1.00253414921,0.970574595719,1.04968779382,0.968639027938,1.14022746696,0.887046052785,1.1289460165,1.07856729583,0.98343132015,0.997925723866,1.02954813163,0.946417657046,1.00175917333,,0.960813492063,1.03608722688,0.941343102673,0.997013028281,1.03462749213,1.00909895783,0.931196211466,1.14501631648,0.922994885716,0.913124557906,1.03589454758,0.996905393457,0.982395838172,0.927169030435,0.968618294492,1.0505565589,1.01715317484,1.08970193864,1.1017555989,1.00006906554,0.963886859409,1.06406010525,1.10314992565,0.918165428081,,0.948039667337,,1.02074785577,0.991572119268,1.00974588939,1.04970545449,0.956963121557,0.999579065525,1.10024339674,0.946617532709,0.852391340042,0.936375185264,0.946879977838,1.02739319738,1.00291597708,1.04978638068,,1.10666114257,1.00516565037,0.952910599371,0.930546190155,0.95959104187,0.972907338544,1.16395233883,0.943557898769,1.02049214056,0.996476705654,1.03156455529,1.17040564451,1.07856450048,0.93896713615,1.06047978376,1.02806189352,1.0381603816,1.04846894138,1.05623981753,0.963504029791,1.05771137701,1.00743864582,0.946549646383,1.01468063488,0.93680372696,0.915593705293,1.06469329942,0.861867529433,1.05797620113,0.961549100968,0.999598310469,,0.904521371849,1.00208865708,1.04788560855,1.08898129364,1.02795137697,1.01140692617,1.06956146718,0.921751216122,0.852425531915,1.11931741884,1.00212083064,1.06945872675,1.0406025899,0.972723966541,1.09642020899,1.04194951331,1.1080743665,1.04504786266,1.0549262663,0.994949247291,1.02959486639,0.910072076319,1.06807740498,1.05053887203,0.974831522487,1.02584258622,,0.931249761593,1.00811969711,1.02116634893,1.07941244566,0.982406048829,1.07919513137,0.922664192857,,1.00334228261,0.961227579482,0.764400341112,1.01035296967,,,1.03056377608,1.07521865889,0.98616671291,1.10274527974,1.08140667195,1.04195426445,1.06224344475,0.916147396874,0.779995191152,0.983737335749,1.14805580404,,0.847201210287,1.06469088187,0.997917830481,1.05371495785,1.00727446503,0.980121749063,0.95771733028,1.13105071398,1.09591750946,1.04124188484,1.03632195004,,1.04227009936,1.02443923669,1.02545489741,1.04567160524,1.13242096001,0.904642708897,1.07767282958,0.961975353971,1.01656512764,0.949623869495,1.11249249764,0.955022735621,1.09073512996,0.900703301943,0.915303880888,0.936130196721,1.05801967644,1.03026611694,1.04839279407,0.958668988587,1.11902339776,0.822841451006,0.969937030266,1.09181780156,1.04430580522,0.913062524419,0.96105588006,0.986537483607,1.00343075296,1.01669816221,0.967426837369,0.999969326094,0.981558596074,1.00926004588,0.970783434967,0.9744197711,1.02903869363,0.990397805213,0.837128605509,0.900399746439,0.95116556066,0.989140038698,,1.05435156519,1.06605075289,1.08626480467,0.927153990931,1.1208741288,1.06256457353,,1.02764321693,1.04733704858,0.911431377233,1.00543306987,0.997546196605,0.939416532384,0.96068566159,0.929548316316,1.11214513034,0.97925267559,1.0948026949,0.953923857626,1.0856484445,0.944629567277,0.941664957966,1.07730395362,0.942089643102,0.973087730253,1.08941278105,1.12654996743,1.05976586568,1.00912901188,1.14170817107,1.07346635412,0.995541296091,0.997782176329,1.05935990406,0.903550742886,0.979392650931,1.02118155791,0.983348089214,1.0268975641,1.07869657497,0.878112712975,1.06840831034,0.956481172942,1.02846308585,0.907829900789,1.06438372229,1.12841949676,0.972998258791,0.98745190337,1.1306783583,1.07888646091,1.06978728591,1.06379673805,1.0503987581,1.03457154226,1.00561011555,0.927296790238,1.0650918498,1.1390860821,1.05088035491,1.03320722993,,1.03537961845,1.0437014995,1.09664181798,1.02889018973,1.05180037903,1.06292673925,0.994689748858,1.04936669756,0.963094935098,0.976855630743,1.10654257859,1.05441011402,0.889253781125,,0.998749873298,1.01092131056,1.0537431473,1.11075167247,1.00168762589,1.10899908896,1.04008939445,0.971348003424,0.99363285804,0.983185631131,1.01613024988,1.07938744034,1.02285674098,1.02907507643,0.968700022847,1.14394837047,1.00190669538,0.926112236232
2009,,0.964378801043,1.01177340398,1.02538833357,0.889197638069,1.04028188283,0.97147753703,0.90606573647,,1.04674463989,1.03078813491,1.10951008646,1.13275996101,1.00015786853,0.869244276431,1.02588785368,0.962862912393,,0.884744384592,1.02701922329,,1.07201956975,0.929137118898,1.09104474337,1.07125129732,0.904134665128,1.02531506313,,1.02058471493,1.09593290568,1.0375337148,0.99718176311,1.01760693325,,0.936965534226,0.918023775167,0.908234407386,0.983002832861,1.07037303299,1.1269396501,0.961536063836,0.982567780729,1.11848694477,0.985226542813,0.907492986602,0.912215121187,0.942417042002,0.99447231037,0.978986688204,1.00118685296,1.04137287658,1.07914450114,1.03383480861,1.04173762675,1.11357510832,1.00559875207,0.974150023379,1.10239040887,0.896159317212,0.97276665979,1.01274509804,0.926228047326,1.11741739992,0.960713757579,1.09554403076,1.08180330242,0.967579631804,1.04081442916,1.0207344134,0.894992753918,0.91696580782,1.09011356266,1.01737482591,0.995113689679,0.935059260473,1.02956445707,0.966196766449,0.872731152395,1.0177308599,0.961510022451,1.11691154801,1.09874870657,0.997189432265,1.135958215,0.864037329768,0.964578959955,1.08076521739,0.887603946231,0.961910496714,1.06316673935,0.993948757564,0.906726830137,0.990441037289,0.994344337761,0.91482317708,1.11942669925,0.896642900987,0.952543780378,1.00539760178,0.898101075578,1.00359048794,0.924537049663,1.0025835599,0.98697805221,1.01856627127,1.03785268476,1.04970420185,0.919799831717,0.949042293697,0.959218028781,1.13909869539,0.894286058949,,0.873497297893,,0.918346241353,1.01844369781,0.975820379965,0.919743045408,0.970153646906,0.981749528005,1.08313120176,0.934825075475,0.90673729673,1.02907924489,1.01315491612,1.01553407883,1.01975414933,1.07903279844,,0.904910702944,0.977220700266,0.944585153373,1.03847812028,0.987536979173,0.995106035889,1.0332059066,0.989863234111,1.07785272625,1.01691074413,1.04201456149,1.10458415853,1.07870039431,0.895312046645,1.00815418829,1.05011120452,1.03157353525,0.938859135186,0.992221405693,0.940818268316,1.06820336277,1.05163485031,1.02700820214,1.02753094352,0.974826314957,0.991880837556,1.06238230524,0.849002078235,0.987273960477,0.96997172784,1.09299523583,,0.958944850327,0.95936009539,0.911869202276,1.12472713912,1.03490333463,1.02575256656,1.00648635418,0.934953697266,0.898882152815,1.07991036487,1.03445178098,1.0740978554,0.985894818314,1.0459785572,1.07455577089,1.02511558166,1.05481134835,1.04053411604,1.11880736271,0.964283570442,0.966539894741,0.942322519061,1.05092386545,0.994110837066,1.0292565836,1.01503716212,,0.913830182518,1.03486690844,1.05387702329,1.04258970982,1.04177067732,1.14376565812,0.950890528355,,0.98429246755,0.91987482716,0.830792682927,1.08736417262,,,1.00799916349,1.03493125232,0.952317081349,1.09060228153,1.07739801544,0.928250305345,1.07480928639,1.01533640924,0.745575408076,0.968055095538,1.17470007207,0.985609694522,0.853138969364,1.08295872497,1.02557075123,1.01054207473,1.07879709778,1.05373612415,0.905337207524,1.10848549946,1.11857536493,0.988318786392,1.0653487095,,1.13450410217,1.11410527192,1.04793443378,1.02069665446,0.971433888527,0.982924975986,1.08113987383,0.957362167238,1.06043454446,0.877710953162,1.15843762398,1.06108696714,1.08825070248,0.955590178388,0.915020573409,0.970911567273,1.07042373604,1.04487697881,1.00572992389,1.02392220268,1.11883214235,0.97587811091,1.04904857582,1.03184478547,1.04781614203,0.949740360441,0.965716788554,1.0368956743,0.973472864444,1.05441074323,1.0685829482,1.01446458813,0.955280534578,1.06220776581,1.00553419004,0.992647058824,0.990079065317,0.985286262322,0.853882959146,0.908817333735,0.990535828649,0.943698171767,1.048147196,1.04300571964,0.976667558472,1.07138751581,0.974013118822,1.05521647912,1.05473503243,1.08271362225,0.943542150039,1.02577780149,0.921024425305,1.01817388578,0.974874837753,0.957100519846,0.945579774951,0.978961120872,1.01548333101,0.994355524627,1.09610363527,0.917750480143,1.07167413519,0.937765330562,0.972580666291,1.09313268082,0.960945097427,0.978224455611,1.05431383903,1.09157192679,1.00709417165,1.00270770286,1.05728238121,1.08587650816,1.01795653159,1.0230899794,1.08925202734,0.891660324553,0.974149599974,1.09159509274,0.965048252413,1.02699632553,0.929475705406,0.927086844175,1.06980273141,1.04998428167,1.02274446518,0.982175541351,1.03998424266,1.15452337933,0.970231532525,0.942270751188,1.00179336455,0.996592950505,0.936702266215,0.969748524642,1.0302950062,1.04435983196,1.08321638339,1.0142923006,1.08042531935,1.17217187957,1.08627156789,1.03177751333,,1.07443248621,0.927981172947,1.03284054785,1.07437830539,1.10042583779,0.983479057165,1.03966919616,1.09289617486,1.02712189293,0.969184001907,1.08991161231,0.958113744786,0.825610564488,,0.994647800677,1.07683654451,1.07587944368,0.995695989922,1.05023065095,1.09349832821,1.11671629303,1.00018558614,0.997902307462,0.948329249576,0.92504321408,1.07999891784,1.07302291605,0.972779247376,1.04304204822,1.07492196837,0.942175777812,0.96648897699
2010,,0.941554177308,1.04440038318,1.0388010189,0.883977900552,0.943423527709,0.949890551973,0.800894616327,,0.9569944163,1.09080429405,1.02794687327,1.07669430653,0.987285365496,0.931588582277,1.03129245832,1.00561797753,,0.920073082272,1.04817268262,,1.03263234228,0.934145169043,1.12954364632,1.03441979366,0.956183986371,0.962707851262,,1.02734051367,1.05256701221,1.00870261969,0.980611132789,1.03209565765,,0.992389962978,0.800061701417,1.00760433216,1.03724234366,1.08313011565,1.16798954551,0.997352043765,1.02397590645,1.13421716754,1.02410289667,0.982761212149,0.943005941466,0.953544917729,0.949853042093,0.957425487445,1.04749631811,0.967074188863,0.869632856254,1.01879327399,1.01454535302,1.04363803399,1.02267817241,1.08157973472,1.07175009003,0.991756499683,1.06286742504,0.987488161109,0.929604256551,1.02840876744,0.907615690224,1.14300694718,1.04620622568,0.950553284817,1.01654960069,0.967287293228,0.925214847321,0.834597875569,1.03344468861,1.02734127669,0.959496081447,0.983852064071,1.07873913607,0.951075681181,1.00997561516,1.05671993555,0.977639603013,1.15431507446,0.981592258124,1.0090042721,1.10552896343,0.99557884395,0.945743273048,0.965880354294,0.874380809261,0.952603424514,0.998739518825,0.962853206478,0.918056546305,1.03689757307,1.0324502716,0.939449357417,1.07180115208,0.916250152383,0.970767710815,1.00698438297,0.882642512553,0.988372769702,0.98177876426,1.01330960769,0.963967852185,0.905915200312,0.994805068699,1.09854897906,1.03578773166,0.976293295627,1.02412667844,1.10681221501,0.906162594944,,0.965105601469,,0.956330312804,1.06560785524,1.01333401779,0.98354501658,0.999754195437,1.0290205852,1.09082902587,0.946170669516,0.881298358181,1.0343090332,1.02427420973,0.92459478506,1.03632716737,1.06824925816,,0.972121929565,1.01079514859,0.995157708225,0.972914599997,1.0295958958,0.981526875742,1.09973197252,0.937331882045,1.02148263056,1.00639502055,0.990010303275,1.1634598282,1.09937854634,0.972419950293,1.03595758545,1.11975892347,1.01553855775,1.06605399196,0.968882965089,1.06818333296,0.961488079644,1.0889710472,0.98505558593,1.00521904895,0.956851099171,1.06980347653,1.10882910279,1.06692037924,0.976306166408,0.997797753431,0.957190232137,,0.945967275214,0.966096252869,0.881433113935,1.1209034286,1.08819485366,1.11679894801,0.98774431637,0.986020761246,0.923814952028,1.12327618338,1.05765280504,1.06522271884,1.00816991401,1.01378321471,1.08192409306,1.09674493712,1.09874367574,1.05618049684,1.07825142547,0.983492893144,1.08455311731,0.948483793935,1.09297624378,1.04030392185,1.06062637912,1.07617554554,,0.90143053106,0.97871474892,1.0156897201,1.12862108922,1.08313211452,0.976151152804,0.960350430301,,0.97899376109,0.940805867695,0.84074660667,1.01680980368,,,1.01968256919,1.12389360291,0.921654087382,1.12361297775,1.09140281323,0.896436677879,1.02675733052,0.979180558643,0.862399585385,0.958866917055,1.02499653861,0.92935905347,0.914451601197,1.04968626097,1.03632398285,0.978230297576,1.0632658952,1.09752732421,0.977019041366,1.16863888606,1.07007502084,1.04913762316,1.13407620417,,1.05035599314,1.07293523135,1.06359077696,1.01887224065,1.02690047741,0.947724130869,1.04862689087,0.953989484867,1.03259893816,0.965765218272,1.06998612799,1.09423138213,1.11394598758,0.886658067411,0.896115179347,0.991554582421,1.1093977369,1.06668542158,1.07148546849,0.975045765488,1.09997057692,0.940666592792,1.04244328175,0.994378188672,1.00967843324,0.985430713376,1.00276322535,1.05960608379,1.04155924513,1.02174950736,1.12817409285,1.002290683,0.9614562643,1.07483888592,0.989181641415,1.08675517135,0.993436597532,0.943459433974,0.888144723911,0.903934268766,1.03668671036,0.913700461643,1.00152905199,1.10610932476,1.04087770105,1.07183212268,1.04183454662,0.973406552724,1.01079099956,1.01683151137,1.03070983071,1.01030297981,0.841404136006,0.899983842301,1.01925997934,0.915380799457,0.95486663696,1.00814723639,0.969074264764,0.972831524667,1.16795533707,0.931802835922,1.02181520019,0.877670224665,1.0203624972,1.13789378349,0.989358206314,1.01504092295,1.04155856408,1.04071865263,0.96594094038,1.03788049873,1.09144572795,1.06526432595,0.975436098256,1.03216803916,0.895639649077,0.877001694626,0.999505893979,1.05812827959,0.936824646932,1.0592629258,0.888204564201,0.95050508541,1.02294760093,0.986666987847,1.02238872764,0.974264975438,1.0020622079,1.01361197,1.01448691613,0.980081800109,0.944422271004,0.964347982926,0.937641588172,0.959981277791,1.0687846477,0.93408171257,0.985208801547,1.05593145808,0.995587790873,1.17167330197,0.936657781181,1.06587550135,,1.11084715161,1.06850780872,1.09649022783,1.03670120898,1.14304857621,1.02469572244,1.03636468088,1.01435271382,1.04316589834,0.919547079857,1.06827805222,1.04138820217,0.863845905394,,0.899627542737,1.0128278767,1.08931064798,1.05101752923,1.10642263584,1.12331770578,1.05024359403,1.02920884498,1.06507077484,1.06270035951,0.92948400515,1.11710364714,1.05304518664,1.07234485579,0.942822899895,1.11495679053,0.977928524566,0.965257573164
2011,,1.02723690972,1.031432907,1.01122396975,0.889379841668,0.924069187921,1.01521818617,0.830556151787,,1.05449871465,1.04736642668,1.1296957593,0.99455826667,1.01724478761,0.866165695156,1.02506520697,1.01538697867,,1.00036778227,0.928254206543,,1.02774494124,1.02956504055,1.03557625607,1.14524056549,1.0115091587,0.963811743381,,1.06074836795,1.11390681788,1.03868723427,0.951034571392,0.977151191055,,1.0237210173,0.979384712972,1.05965374056,1.051101365,1.09137271568,1.129572304,0.901485575217,0.975142865186,1.03809512785,0.98479982873,1.01186201431,0.912608192733,0.83571764646,1.02690296477,1.01904786996,0.978837599716,0.976687347246,0.868633572572,1.0759448791,0.994079760588,1.04349072493,1.06725853866,1.080930984,1.12828337875,0.941386938075,1.1323492782,1.05162878741,1.03445021236,1.09274973947,1.02223679895,1.02988058572,1.06238627189,0.967014020943,1.03225806452,0.979646504508,0.930218866369,0.895418166192,1.03367920131,0.998670725955,0.989112663025,0.995091542013,1.01358485254,0.972037745002,1.03574320923,0.984143802284,1.00409263072,1.14860852079,1.07009559585,0.939202377138,1.02552792634,0.883969121989,0.972473377537,1.02598013658,0.87052665463,1.03922776751,1.02549588434,0.985970483355,0.936476669636,0.984513409121,1.03431789205,0.937514871746,1.0989829404,0.896765295235,1.00933584992,0.990573647699,0.945271666864,0.991212912239,1.07279493373,1.00156884229,0.912260386905,0.929972700146,1.12494457958,1.09084153818,1.04221885649,0.952936648831,0.971001605248,1.10640236956,0.86687709479,,0.981438322942,,0.921051000037,1.11715089035,1.00084072629,0.94417573559,1.06908524756,1.00511841987,0.995573768339,0.933810541973,0.887718543088,1.02501432118,0.9738533594,0.93479442359,1.07184812744,0.967754303899,,1.06547960942,1.00079560163,1.11601027397,0.990270732606,1.0447907692,1.08376896596,1.10704483074,0.966738693279,0.970659388375,0.952899833828,1.06776084955,1.16800800634,1.05249641035,0.95945259139,1.03184684986,1.14055716353,1.03721881391,1.0084152298,1.02481038694,1.02591768382,0.984553753707,1.04047068912,1.0345821658,1.09456857101,0.994697854749,0.92437866057,1.0882562202,0.998755742726,1.01869453012,1.05202721687,0.933536513891,,1.04969467256,0.932690501534,0.904985652388,1.10988362739,1.06991286154,1.06925266154,0.956637457002,1.05466136712,0.926269797925,1.02466475597,0.986879046582,1.0712331266,1.00311184331,1.05212960871,1.0248093173,1.05747581463,1.09136062108,1.03255037558,1.10197648662,1.02635439324,1.11124631897,0.935040888752,1.03209090173,0.992918961448,1.062916174,0.974076612236,,0.926457655672,0.922557481513,1.00017625286,1.04901722227,1.06680476437,1.06925815865,0.978535666485,,0.924265947441,0.991113229919,0.978183373734,1.04102819946,,,1.0246028121,1.01255767771,0.918768739856,1.08471444246,1.01500972853,,0.895937293504,0.988219678115,0.970069666625,0.976386540874,1.05589349248,0.966634015697,0.955223880597,1.09769535554,1.04396646561,1.06790421191,1.05358470167,1.10779825098,1.01940634032,1.16561623811,1.16438427169,1.05972217746,1.19428148317,,1.0071092962,1.01329867477,1.08949611431,1.11562994058,1.00447322358,0.986820182242,1.04394688594,1.01765090434,1.0566152752,1.01491229082,1.16122393983,1.09781108998,1.04536017616,0.867481783377,0.993592238047,1.07381513384,1.04835573225,1.0965041561,1.05117826841,0.854742032846,1.01801078086,1.03046537559,1.09615472964,1.06604816034,1.01549418673,1.01753839145,0.946783077309,1.1736562757,0.951302378256,0.976477163034,1.03649212712,0.963875409564,0.903417048529,1.10469849216,0.999116050006,1.02033084985,1.02866999451,1.04878562897,0.881999519346,0.888436585676,0.995626151013,0.961442163245,0.925140631761,0.975473281731,1.00137657265,0.980385301213,1.04542626011,0.99501936912,0.973933933934,1.03811690422,0.9683991093,1.10384098003,0.828274245933,1.01727799481,1.03650192926,0.980591440642,0.962332808812,1.05317549793,1.00177628251,0.966052077449,1.17464850083,0.932641294466,1.00380450688,0.949524254419,0.938479672962,1.10578728732,0.916400662653,0.989966555184,1.07113365577,1.04334981984,1.00943485107,1.01912988697,1.09639163609,1.06807939039,1.01901140684,1.03201357217,0.970051333993,0.881355089664,1.03705200414,0.971795313153,1.0211905464,1.04668298966,0.956947747326,0.936208403203,1.06527172933,1.01901023628,1.01253626759,0.967804574935,1.04051467461,1.03341641281,0.999008919722,0.928811154465,0.944264864335,1.00751279353,0.981999643557,1.01298934438,1.06575884948,1.03571722009,0.968697959299,1.02636203866,0.973904600073,1.10897731969,1.04476189179,1.03321524948,,1.08042070658,1.0413238252,1.10858880832,1.03562921794,1.10013237519,0.997348031824,1.05036833386,1.09115103127,0.988196295384,0.889596321351,1.00440153662,1.04322365081,,,0.981093757555,0.951201715789,1.14774750388,1.05510589271,1.03714580954,1.08916393029,1.01856841899,1.02259683946,1.10754274803,1.00543616319,0.955984656394,1.18408155264,1.11684203287,1.02739018088,0.950434727423,1.09539045487,0.999506551894,0.972179761541
2012,,0.963812886143,1.0504317472,1.02252457282,0.894669425559,0.873729399637,1.09218471447,0.873953077043,,1.02144628205,0.999948720578,1.06429955391,0.962757426877,0.945573936103,0.925293894577,1.02601865488,0.990756103342,,0.951864807607,0.952521090838,,0.999463906953,1.00668090089,1.10149877536,1.17126349068,1.00507697539,0.872903817096,,1.02993664968,0.906528189911,0.986053015418,1.01118258034,0.908088021831,,0.933379464114,0.925074925075,1.07577301239,1.03969803462,0.958592446534,1.07935167802,0.95634043722,1.06037659988,1.07851743755,1.04903922907,0.962798730968,0.924912081825,,1.00057943856,1.06261095094,0.965139729185,0.975898415829,0.863495217985,1.05236997876,0.933783111804,1.0082382284,1.02764392594,1.04049235017,1.01462194797,0.956350409215,1.01570730773,1.08681703766,1.00125651198,1.05545554846,1.06244447097,0.949701020049,1.17576351171,1.02353032539,1.09879642145,0.95698054214,1.01272457269,0.903878033535,1.12020741121,1.08649576698,1.00784741528,1.02286188107,1.09951323633,1.02517203306,1.05591043496,0.983383306853,1.06237865286,1.12912303159,1.04220822401,0.986990707648,1.02603088054,0.885115558251,1.02701988981,1.00357624925,0.955085107322,0.961741729337,1.00421120829,1.05174488568,0.892603850051,1.00426603259,0.984065883708,1.04355568051,1.15890647482,0.920593619397,0.962569756363,1.019771529,0.914806424517,1.00370361164,0.988904968644,0.96960214009,0.977916716765,0.965965400876,1.02303254503,1.06822764228,0.981996726678,1.01895539423,0.946859658248,1.10623311463,0.809069276223,,0.945262062168,,0.899920168372,1.06592103033,1.0225234668,1.05893922507,0.973996483179,0.983046871946,1.03545244552,0.938990585121,0.888065691177,1.06831269122,0.969965027772,0.945361853042,0.997966488685,1.05799005349,,1.15202168511,0.985285025349,1.15661395187,1.06115972152,1.08786027824,1.0021260988,1.06992186525,0.86821543639,0.965017497434,0.982875697406,0.992224059674,1.10664163762,1.05310723714,0.937928234279,1.04120020594,1.15852506916,1.05991339144,1.04202329002,1.05539219582,1.0998875115,1.02189398701,0.991727898701,1.08748112837,1.08975780919,0.976771582964,0.994455131832,1.00332149811,1.00755410372,1.04065431802,0.927758152365,0.970593036543,,0.989242775786,1.02984466283,0.981661516252,1.07672197975,1.04565336249,1.01304327787,1.02898462413,0.993656128284,0.854312000809,1.10306790762,1.04143256748,1.06111258087,0.982387200898,1.08209427797,1.09779702167,1.05067970568,0.972630828207,1.07758264341,1.20440733674,0.998246880478,1.01588092421,0.956456641005,1.06731414992,0.980538212549,1.00209913976,0.975855892222,,0.975609756098,0.924109856996,1.07175022516,1.11500127436,1.05389356691,1.08276724371,0.870682007759,,0.910522548318,0.947017862549,0.980214388566,1.07641697676,,0.953121624541,0.976705023856,1.05785363381,0.936045222789,1.09043521138,1.08827884482,,1.01884557162,0.936774227032,0.98234198305,1.0054200542,1.12314496711,0.96963427747,1.00019206761,0.985712348525,0.969022241082,0.900443000181,1.02708803612,1.09786540323,0.965964030168,1.06587640886,1.12010520826,1.0395961862,1.11782942328,,1.02497846684,0.996000093565,0.989439721749,1.11842640007,1.07319764443,1.07682909839,0.978326605814,1.01901505306,0.973687774727,0.936253013917,1.08180332367,0.947952895235,1.08658661092,0.862675413507,1.03022611906,1.02388603703,1.03635230333,1.11532518612,1.05034071854,0.908437834772,0.984350402815,0.986139513747,1.05911005003,1.02620380739,1.04973307109,0.979326625297,0.913147957432,1.14465025876,0.944158614632,1.02720259846,0.877190528804,1.00866999736,0.992042030441,1.03975608298,1.06875651646,0.989114767136,1.10104226195,1.01617361175,0.968317599897,1.02437608822,0.87181574968,1.05402189122,1.0029857056,1.03347975082,0.968425359068,0.963156226378,0.962018373783,1.00060487936,0.980144729726,1.00207612457,0.980387049723,1.07082692449,0.89802600679,1.01245587158,1.06978504205,0.988966662712,0.94298245614,0.983519465971,1.07028071832,1.08927254698,1.13925516177,0.883779767388,1.03714600956,0.98739418589,1.05107387114,1.13022113022,0.877061469265,1.0165336922,1.0982073175,1.03298949007,1.00976220275,1.04910332004,1.08366856193,0.960420950459,1.00887092541,0.904697657304,0.914353188813,1.03177516965,0.811599916228,1.02241981754,0.980729021002,1.02531444038,0.914772042982,0.918490240189,0.978167305736,0.924321201618,0.966290477244,0.899949049368,1.02708462135,1.0449305706,0.947410302619,0.926913274092,0.906397821205,1.11264595804,0.966734919942,0.974110815388,1.08076854652,0.860935621659,1.05163734957,1.03456995268,0.880121797842,1.06536290684,1.00051234219,0.988735460672,,1.04211021716,1.03711911357,1.09356389783,1.05396620485,1.03286384977,1.03313428103,1.02066768876,1.0397187016,1.00546691956,1.00353864868,0.950168171358,1.02623694134,,,1.07172300082,0.985896672781,1.05501369119,1.04765071489,1.11581621851,1.07367459509,0.966576209243,0.985095538324,1.13473827005,0.942576764799,0.959522573949,1.07903357903,1.0183331999,0.909242085066,1.02054920102,1.03922680814,1.0015893657,1.02893550647
2013,,1.06740407881,1.06429943563,0.999912638686,0.909785543273,0.912627634997,1.02293427998,0.849239746395,,0.962018297754,1.02038028291,1.09204368175,1.03703539774,0.948907660938,0.914207909357,1.03770367355,1.00250504063,,1.05364804244,0.954517736127,,0.9852600804,0.987336788925,1.07126453026,1.11805757488,0.97401164074,0.832997097526,,1.06513004044,1.05021099047,1.03523853271,0.959089401016,1.00418410042,,0.951664846,1.10117647059,1.07598655017,1.01311298725,1.05774748504,1.07072568627,1.02193666122,1.07259385909,1.01147204444,0.993422325401,1.09276160124,0.991380851901,,1.01147510642,1.0462319262,0.981286151752,0.984444606733,0.908338077739,1.01134834949,0.977810793336,0.989929401993,0.964811361923,0.987011467353,1.02866619285,0.957889157194,1.02321108127,1.12697314634,1.01119149004,1.03591859934,0.889603306734,0.969348179657,1.16316273159,0.961924982307,1.07672500119,1.02926361529,0.996110314977,0.941331878356,1.12638751776,1.07173392098,1.01821923477,0.941188585257,1.0878208947,0.985098445149,1.10312552231,1.02572470948,1.01051651209,1.13854579749,0.966323990137,0.9947269403,1.11167156724,0.903419747011,0.993288590604,1.05332846932,0.939247565788,1.01855201926,0.923383471436,1.01991914376,0.938516553236,0.971140415256,0.965818951012,1.03526149856,1.1437418356,0.878097054103,0.990609381654,1.00333386252,0.937151706419,0.936329588015,0.914583389275,0.966808510638,0.961138673843,1.00165477299,1.01612673041,1.02929268261,0.96217552534,1.04061369526,0.966549060973,1.17943427461,0.763425811586,,0.887544125063,,0.939410855934,1.06342857143,1.03115594628,1.03689777978,0.892261528351,0.977429584033,1.08507147879,0.872824015451,0.833333333333,1.06428348296,0.93131548312,0.966676296585,1.03728976564,1.06238258729,,1.17829526562,0.988906959245,1.1192367503,1.03976356797,1.11973923881,0.997795398351,0.96886330505,0.941834369596,0.959973307594,1.01559556995,1.00977421339,1.09844426349,1.07417546604,0.92452568197,1.06149682717,1.07737128776,1.07153864172,1.04218476559,0.843946879391,1.0962660217,1.00634802091,0.962468063669,1.02022693636,1.11952008369,0.941187036226,1.0242860097,1.084632565,0.9573306754,1.03326734585,1.01632916223,1.00982670932,,0.944815009118,0.922684938962,0.958305509671,1.0619864459,0.989295800839,1.04518189272,1.03005796816,0.958371243588,0.843789080215,1.07866202411,1.03119487856,1.08452425724,0.948480275922,1.16165560328,1.0541856294,1.07594237076,1.08312625906,0.882449935749,1.10869972349,0.920987162902,0.943830268295,0.919040702661,1.07898383372,1.02661848602,0.989014726388,0.98933784835,,0.889314371371,1.03067088228,1.07122922528,1.0621669627,1.03149007578,1.07608924437,0.845563116613,0.967687672993,0.898197009675,0.920090471903,0.990148605777,1.12429758058,,0.99134084276,0.945125697294,1.00139636944,0.920691910547,1.03597447337,1.02957032415,0.868227548226,1.05735928318,0.991544871087,0.962173863507,0.966367509745,1.06184598165,0.99038163202,0.992719892075,0.957698403023,1.06520181514,0.960793777289,1.01565656566,0.984769772687,1.05723110921,1.10567978275,1.05586666829,1.06586958928,1.07983049447,,1.05308403181,1.05244024357,0.980337856549,1.04778074218,1.02194521552,1.03908989435,1.05547537101,0.92381054055,0.951681012469,0.971127210739,1.13457472553,0.903593027392,1.03907559319,0.900278973001,0.942864182659,1.06541998585,1.0104741306,0.989561735051,1.03872458626,0.944183424168,0.960382862597,0.941462755171,1.07490458015,0.969757205736,1.06541696381,1.00880903797,0.881310418904,1.12162565993,0.986230340869,1.00933235837,0.94201914171,0.982986767486,0.984883299069,1.02026328572,1.03417441002,0.89575330073,0.972032877583,1.0746121036,0.858084974669,1.02965056835,0.931349759802,1.06054387467,0.926775956284,0.986013017588,1.02241211304,0.929163945924,0.991995997999,0.9782022645,0.979790375818,1.03861482479,0.957272142172,1.08420706192,1.02139589008,0.936584885695,1.07369224895,1.03314341726,0.945517440184,0.954502068088,1.05454453671,1.05542494006,1.15293466623,0.924927255092,1.03917957114,1.01822768231,1.05232967434,1.07700104595,0.953390729039,0.889897603716,1.06820841076,1.03178751595,1.02615060226,0.959657184742,0.956819173114,1.01194557725,0.976928927575,0.951754592005,0.936174561807,1.0268701233,1.01754342339,0.976005342747,1.0597962852,0.983350676379,0.941050946919,1.06279721985,0.987307919946,1.05670842498,1.00011334013,0.886538219368,1.05535571026,1.05898165224,0.98666841221,0.893654556481,0.923114296125,1.01317122594,0.987660254485,0.950791247752,1.02543928665,0.962073426213,0.967429098564,0.973731130393,0.987271270711,1.08621284044,0.989899539898,1.01552883838,,1.11479789253,1.09470358758,0.975812973264,1.02829065674,0.989238932374,1.04757279072,1.01699899341,1.03533481591,1.02220825983,0.996692119826,1.0012856719,1.0166481687,,,0.990011818961,0.974871329095,1.02524021884,1.02606228064,1.1151785375,1.00787101537,1.01180194001,0.915744977992,1.07508765539,1.05956724537,0.949176042404,1.0557865681,0.899384244271,0.976947594693,0.987424567933,1.02791022951,0.993904797471,1.00148610866
2014,0.939509343725,0.982595345172,1.02931551207,1.0333025208,0.952279448989,1.0183029152,1.03673719718,0.953402061856,,1.04601226994,0.961646560297,1.12492357856,1.06656597739,0.996375742265,0.93610469592,1.0954112591,1.07401552509,,1.05511982835,1.05317450571,,1.03421233212,0.943223203291,1.13578058678,1.14403921392,0.975687229509,0.921693612012,,1.13509041484,1.08300495742,1.06789716546,0.911341537799,0.995452989781,,1.01192684866,1.07107874954,1.03719636955,1.08196461997,1.02583586626,1.12535179898,1.04914282743,1.02469458868,1.0699807117,1.03054124248,1.12423165849,0.968565421964,,0.978463686815,1.09397807797,1.016043394,1.04489068265,0.98097432365,1.07919060704,0.974818496959,1.03661654904,1.09962489669,1.01523329735,0.997324936963,1.08989397256,1.04540276648,1.09053366812,1.06842880459,1.08957919854,1.00393816493,0.963977106946,1.21336784691,1.02707093239,1.00405557822,1.07596363363,1.06172085404,1.02736236401,1.13263435046,1.10834000686,1.11650184776,0.966676325703,1.09149455918,1.01570123303,1.00130227174,1.04743931802,1.05050196587,1.19495028488,1.07444171764,1.00026688017,1.14611948499,0.971231136388,1.07912607027,1.07462999071,1.03997805322,1.06199212961,1.05948402036,1.01942801979,1.01901704756,0.942290508628,1.00173110214,1.04167846103,1.11779879622,0.957749726209,1.008331667,1.06143409027,1.03188688218,1.06950842545,0.967316928046,1.07481125601,1.02099133098,1.0332406624,1.01186142102,1.07478308093,1.0525563444,1.15984628543,1.01144774953,1.14152751163,0.947857123688,1.04092387676,0.994117647059,,1.02221013936,1.11474551878,1.12819493778,1.06887446364,1.04733878629,1.03959735613,1.05274971942,0.940521499218,0.886800066463,1.06731759753,1.07207078636,0.987217203405,1.01602877081,0.996517027864,1.08158858323,1.05006188189,1.05900742478,1.17244405441,1.15573075526,1.12925535209,1.10157904289,0.954539533672,0.95830594422,1.03754890504,1.00483144238,0.978420855682,1.14407656211,1.04728262783,0.929613539914,1.03493634224,1.1229062432,1.02092904543,1.07369374811,0.963037828472,0.995003870241,1.05564572529,1.05412762267,1.03432437465,1.04214943321,0.96765860715,1.11283817846,1.18453151185,1.03491990319,0.970407752883,1.01721774346,1.04883959566,0.93863227868,0.955552338208,1.07416325025,1.00023601605,1.05631387612,0.989653621233,1.03673087243,1.05959400361,0.967355495657,0.993852597446,1.08310882243,1.12744405183,1.03904749712,0.967125146487,1.1709573948,1.13388593072,1.08389686731,1.06951641225,0.981859335685,1.10225033228,0.971376075815,1.0406200484,0.980995434906,1.11799115423,0.994988226937,1.05191781751,1.00929554361,,0.940074377442,1.08220788149,1.04675110064,1.1115159858,1.12707063656,1.16661789502,0.936216808103,1.04576500985,0.937385174399,0.946560545765,1.1071552193,1.07851373906,,1.06029726102,1.02513480498,1.0779613684,0.901177956561,1.11986359761,1.13708507412,0.974008048933,1.01810580677,1.01146486638,0.991296566257,1.05755792335,1.08213502315,1.07305854879,1.02089732008,0.986767800459,1.00037947064,1.03605584949,1.09164539132,0.947373498625,1.09897663899,1.10103146999,1.04912304899,1.05621232023,1.06270782252,,1.13299431133,1.13033374905,0.979204191911,1.08673243999,1.14672271115,1.08839411717,1.07503950462,0.963618485742,1.0638396801,1.06090863704,1.13109241769,1.08817133905,1.07056838526,0.968384100006,0.966244512841,1.09204545455,1.08749317313,1.04042210897,1.1068121059,1.10645635253,1.00074949142,0.930396571367,1.01207484561,1.06825755634,1.0740062242,1.01249163253,0.916518181218,1.06979847858,1.04506599701,1.00739705283,1.09091775242,1.02960166271,1.03749884912,1.06684791501,1.10935817494,0.931353290904,1.10629976254,1.05885237862,0.923815849982,1.0745968466,1.00933984292,1.11839452553,1.01961189633,1.06560774987,1.15538191245,1.01552569457,1.0748614657,0.997120135274,1.02230094727,1.00338907717,0.978758607832,1.08749333036,0.995372698924,0.889801505818,1.07425731591,1.01425399327,0.978537046258,1.05798436913,1.0775768266,1.03241753018,1.12265756007,0.986939782078,1.08863684807,0.958838984111,1.06824648971,1.11851889841,1.07191830018,0.955950793691,1.05593068006,1.11667965995,1.01476949456,1.02338182461,1.06470498618,0.997691194239,0.946499277017,1.072543618,1.04099211925,1.15205748917,1.11331816485,1.01817801102,1.00357717981,1.0569675723,0.957184247237,1.08956476378,1.03074007531,1.01001943316,1.04831833254,0.97395669909,1.03851797966,1.15706947824,1.09795049241,0.959466318614,0.932765620358,1.08506395603,0.969834890815,0.951713058003,1.06358955831,0.987637579949,1.05227482558,0.996212121212,1.08739518969,1.08978866487,1.03854331353,1.05365517411,,1.04962991178,1.03788246118,0.991309945285,1.10826091509,1.14445760087,1.08959249629,0.978977094446,1.09738230123,1.0594321294,0.950872570642,1.00571812984,1.06416126539,,,1.0277447911,1.032443412,1.07769678477,0.976097715068,1.1070628188,1.12525937433,1.08441797894,1.02898021107,1.15620178596,1.11805261717,1.0548538654,1.16305259375,1.04677951137,1.00774642883,1.05154695084,1.08656498644,1.01096587919,1.07607508193
2015,0.944155000622,1.05886666855,1.03713768116,1.05176078297,0.94640616598,1.01725171518,1.06775343861,0.934657554452,,1.01851243578,0.956090467659,1.13833957471,1.0327198364,1.03109737865,0.919496008464,1.10146973346,0.94180104851,,1.01599293564,0.983782162521,,0.9385100564,0.983840681283,1.09402047579,1.09655379083,0.942569893954,0.896633040744,,1.10206573725,1.01671174652,1.05901820188,1.04287128197,0.910572392274,,0.964145056519,1.026331538,1.05420669016,1.08885511422,1.06708851657,1.15987599646,1.15720493895,0.993311293919,0.996673969555,0.984208794824,0.996314258002,0.917402308037,,0.91905638867,1.0678317739,1.0575922091,1.05503842069,0.87542179538,1.03793453108,1.04118656913,0.993852328063,1.04750337022,1.08426385168,0.941726417276,1.06713663589,1.02762353272,1.09905932041,1.05625290563,1.03274052513,0.958127214481,0.932276294718,1.04522565768,0.988722966707,0.95439178249,0.96682464455,1.10232577129,0.998089307197,1.17516081148,1.05741564985,0.99107332891,1.00493218249,1.05856143488,1.01992764027,1.00717400478,0.990419380707,0.970914534339,1.20436923425,1.04817298312,0.982725527831,1.05156889495,1.01457176844,1.14876775979,0.997047702906,0.980431712729,0.982177292117,1.04222306179,1.02893890675,0.96693439032,0.938513384625,0.959981790505,1.0351727043,1.00686498856,0.844311927811,0.938213148164,1.00322775642,0.966079106842,0.982788273784,0.989476630995,1.04996448023,1.0118433541,1.05790713121,0.966365685613,1.07408859271,1.03502129673,1.09255275434,0.973214285714,1.20413352306,0.779033828697,1.05607903144,0.966440611439,,0.95710549729,1.01344117997,1.03205561246,1.08657725439,1.12595752089,1.01196323559,0.985586986424,1.01639193154,0.932107852889,1.10058684238,0.993144959037,0.981633563667,1.05935333222,1.04590298381,1.09497766705,1.15506668624,0.985003789432,1.12153791975,1.0729857362,1.12574276821,1.05308121654,0.923174976712,0.92667963668,0.965562652268,0.93539437178,1.03920642419,1.06002889794,0.994720481571,0.930209234395,1.05189919085,1.15884661321,0.966635773865,1.13722120522,1.00370380842,1.00059252389,0.91846921797,1.01322263223,0.986043578955,0.965005428752,0.973599248964,1.06049035141,1.04050451551,0.972167364457,0.919935854813,1.02486812359,1.03235410008,0.921307290022,0.904665618213,1.01599418393,0.919200103334,0.999616085997,0.923820185,1.06866137696,1.00402514586,1.01958259263,1.03692705589,1.01672524828,1.06128491838,1.08114581337,0.993338250051,1.03211338123,1.10751104566,1.06520996927,1.08288193838,0.9626097867,0.938642725645,0.98086330758,0.955430936831,0.997627479167,1.08303986117,0.959302704889,1.03776683087,0.930643065532,,0.886336547838,0.983632112237,1.00095351055,1.15883175892,1.13569524228,1.03454785728,1.01045296167,1.03982270805,0.992980653998,0.919753495461,1.06044538706,1.08322355766,,1.0307982401,0.950456518485,0.932698550097,1.00259795345,0.990576375192,1.07509599071,0.987462983976,0.970605245292,0.917782026769,1.0236620898,1.04472149706,1.11108847556,0.985154487751,1.09829290207,0.964348107409,1.06633743727,1.03955072291,1.12275040015,1.02805512319,1.1226590599,1.20949544183,1.06830421327,1.00205054722,1.13799690712,,1.04555570695,1.03143126591,1.06259670102,1.02268124747,1.09072880516,0.970588631556,1.00231543958,0.950074620561,1.00370926433,0.991852083986,1.08377247855,1.07228019794,1.04307831301,0.96404476724,0.94696754391,1.05098896995,1.06066675059,1.06441802599,1.02377136425,1.06915503539,1.00395766687,1.00309448218,1.04657561659,1.00414798475,1.02784015889,0.912609688665,0.890732507017,1.08355978261,0.959760567131,1.02827060472,1.04540898928,1.01970206631,1.00999556333,1.00634857653,1.04243937669,0.820206863866,1.05301741066,1.02047739887,0.844029509695,1.07651604999,0.978413232408,1.01883264325,1.0004063275,1.03144470405,1.16128874128,1.04272824738,1.10142699513,0.985697854097,0.991062228932,1.02573939314,0.947073816782,0.933865852226,0.947196516059,0.997530864198,1.02548968977,1.03316297298,0.990849673203,1.04595500239,0.944664031621,0.921482822796,1.09213526095,0.986782052042,1.08703566689,0.976370332536,1.01139723473,1.01315996181,1.02241406209,1.04193933217,0.995034133067,1.03383578603,0.87456164014,1.02739906648,1.06254665229,1.04092748988,0.926937922829,0.959885739614,1.07426396444,1.10770328898,1.00222486677,0.988757807078,0.970208821485,1.00190059032,0.930854769934,1.03356407941,1.013748999,1.11401970045,1.03866793721,0.965214666249,0.998349186385,1.05811623246,1.04335664336,0.971186672129,0.867446268099,1.02579995351,1.00760644078,1.00463847868,1.02068109089,0.955512701898,1.00460818631,1.04529242981,1.13648569163,1.03947007408,0.924688250441,1.05552710861,,1.06259554774,1.0769957487,1.08783218909,1.02177445564,1.16797855928,1.10844586983,1.01504201878,0.985860800841,1.02667238948,0.900513725434,1.01961739978,1.07703667241,,,0.984143248073,0.995616852021,1.03267133342,1.03277857067,1.00529610014,1.059537404,1.0390275112,0.993856506518,1.11687527088,1.11268439616,1.06081296663,1.20628809753,1.06732826167,0.975726668708,1.02269328305,1.09708620746,1.04469875194,1.03331614494
2016,1.00542427998,0.966474375052,1.10538210062,1.00230779143,1.0048665704,0.990096597761,1.09732665987,0.972720512453,,0.929336578636,0.995459666132,1.13376766224,1.04044191051,1.0865075292,0.863342620317,1.07325237094,0.982604111755,,1.0351048799,0.971706581849,,1.04618974386,1.03509801339,1.12386957222,1.12737670741,0.998758781919,0.896731127908,,1.07249955901,0.909597436969,1.03746795277,0.999954896035,0.824516512943,,1.01253467585,0.932854699207,1.07203394853,1.04982298772,1.14641058296,1.12042105263,1.1057790484,1.04581608688,1.08704231528,1.01824150804,1.0774611841,1.02295590624,,0.933844441697,0.985536584716,1.07069974621,1.0990676526,0.886265806577,1.08759505428,1.02337722975,1.0834817956,0.905630134242,1.03902672024,0.980840973759,1.04265896255,1.05603919682,1.10139745798,1.11797221899,1.089492465,0.969674235409,0.964292005335,1.10111582043,1.0437355803,0.985404239117,0.972881893994,1.01624697397,0.997653833849,1.10658374437,1.05128492874,0.979785147819,0.887509085757,1.04350070995,0.984215850015,1.0889292196,0.996915854009,0.958626626829,1.18403664875,1.05891763365,1.01175925688,1.09060288127,1.0528581679,1.14070255823,0.998857665067,0.963924888289,1.04393234722,1.07946624178,1.06700456601,1.05597978477,1.04491876394,0.958125915081,1.06451691232,1.04828181475,0.867846047192,1.04872219158,1.08066033146,1.03094328313,1.05314222712,1.05833302767,1.10942317144,1.03645573926,1.00625682322,0.979517107221,1.04813664596,1.02004388508,0.98239935262,1.09096243469,1.16246658594,0.875016462531,1.07626392459,1.01805013297,,0.991590941399,0.992591412411,1.07708061813,1.1208341091,1.09498623071,0.987224689775,1.14966067389,1.0286686103,0.963354136662,1.00296821141,1.01874864271,0.88439397048,1.03011143436,0.988477287877,1.01650899648,1.19087732788,0.952651622805,1.09894614215,1.12439913615,1.13385213165,1.11491397763,0.964704257132,0.97362256849,1.03721857092,0.997820672478,1.07357164538,1.1425122335,1.02456047936,1.00162333729,1.06161806209,1.16063108512,0.953810739128,0.9954803704,0.997858728637,1.04828645483,0.984585586313,1.03585315031,1.02914741335,1.03076587388,1.01664045037,1.0710281009,1.12580535775,1.01459496289,1.00957648508,0.9628627494,1.07405267068,1.01124937304,0.968458179732,0.989733774143,1.01749184702,1.03798094767,1.09597505286,1.11978503092,1.00785985051,0.983154995233,0.97744717142,1.031401684,1.07493163172,1.14126718385,0.963550978569,1.12239651765,1.1812875686,0.982784945861,1.06759591162,1.0603553537,0.987092580555,1.01763104958,0.963195805737,1.07135417183,1.07381862004,1.07919971588,1.06263924149,0.965217806193,,0.904242209143,0.949699739882,1.04545295578,1.06216244837,1.04276263105,1.02491416283,1.02261602952,0.991828253082,1.01424367275,0.965833971192,1.00057519013,1.08999483987,,1.08428631936,1.06509388959,0.975367006718,1.01927853639,1.04246814621,1.04832182814,0.986693603701,0.943189596167,0.918679594239,1.05082489754,1.07477950835,1.15775857609,1.00745783545,1.16571348701,1.01299005266,1.04928421367,0.927209385348,1.05912120024,1.09724735689,1.02400355403,1.15562550675,1.15192526249,1.10421453311,1.02490600986,,1.11514416045,1.0077427604,1.0817763336,1.05522042899,1.12624649677,1.04806036051,0.99127555067,0.987521659122,0.99294289518,1.05144176427,1.12688894219,1.05823627288,1.04207563681,0.87677004096,0.941744172471,1.11688140073,1.05106786083,1.13867198018,0.932424113274,1.04198051622,1.05190836078,1.0589128277,1.09706814137,0.99087412667,0.932931542451,0.933862551844,1.04535626942,1.10481652994,1.04933194015,1.01273339805,1.04007966144,1.03021252154,0.908961131659,1.01487723071,1.06483859025,0.952429278194,1.03582071398,0.990220952287,0.90240188363,1.02026861397,0.996298935657,0.911342759831,0.953493310682,1.05428275693,1.14666735319,1.07853797257,1.17097556049,0.953260086455,1.04874594341,1.04435530086,0.941436763444,0.970961375811,1.02521242513,0.986163137375,1.11364259898,0.965563808238,1.02484234177,0.913928150441,1.09812573498,0.939266560371,1.20487253156,0.979840015949,1.0221899336,1.04707819483,1.11217547221,1.06564860154,1.05193444676,0.94996452147,1.02506677864,1.05954220641,1.05417351974,1.08882015024,1.06068877403,1.10316824277,0.987771703246,1.06923333492,1.04655324632,1.09329178886,1.05926353573,0.975694617029,0.952391075585,1.06421720423,0.946636734915,1.07067365132,1.11050977051,0.92897110131,1.04454188784,0.999109633763,0.996604680949,1.06702234078,1.07984882117,1.05580335959,1.01847559764,1.05332785913,1.03848168192,1.09667298822,1.01972204972,1.09251353869,1.06805752054,0.976349439855,1.12081885498,1.072893977,0.990400693627,1.04776316631,,1.09152147698,1.08525082607,1.09717553245,1.08248101488,1.1307466298,1.1464543603,1.05470675209,0.963765805972,1.00842713183,0.998696298093,1.08950288629,1.02675222935,,,1.03525488328,1.02089611993,1.05166688018,0.982710709593,1.06847984458,1.1064660264,1.07213274768,1.11975261279,1.09913819226,1.11381918749,1.09950054904,1.06852834945,1.05937441468,1.00683447241,1.05018228875,1.12043732782,1.10792793785,1.0040489413
