,1101,1102,1103,1104,1105,1106,1107,1108,1109,1110,1111,1112,1113,1114,1115,1116,1117,1118,1119,1120,1121,1122,1123,1124,1125,1126,1127,1128,1129,1130,1131,1132,1133,1134,1135,1136,1137,1138,1139,1140,1141,1142,1143,1144,1145,1146,1147,1148,1149,1150,1151,1152,1153,1154,1155,1156,1157,1158,1159,1160,1161,1162,1163,1164,1165,1166,1167,1168,1169,1170,1171,1172,1173,1174,1175,1176,1177,1178,1179,1180,1181,1182,1183,1184,1185,1186,1187,1188,1189,1190,1191,1192,1193,1194,1195,1196,1197,1198,1199,1200,1201,1202,1203,1204,1205,1206,1207,1208,1209,1210,1211,1212,1213,1214,1215,1216,1217,1218,1219,1220,1221,1222,1223,1224,1225,1226,1227,1228,1229,1230,1231,1232,1233,1234,1235,1236,1237,1238,1239,1240,1241,1242,1243,1244,1245,1246,1247,1248,1249,1250,1251,1252,1253,1254,1255,1256,1257,1258,1259,1260,1261,1262,1263,1264,1265,1266,1267,1268,1269,1270,1271,1272,1273,1274,1275,1276,1277,1278,1279,1280,1281,1282,1283,1284,1285,1286,1287,1288,1289,1290,1291,1292,1293,1294,1295,1296,1297,1298,1299,1300,1301,1302,1303,1304,1305,1306,1307,1308,1309,1310,1311,1312,1313,1314,1315,1316,1317,1318,1319,1320,1321,1322,1323,1324,1325,1326,1327,1328,1329,1330,1331,1332,1333,1334,1335,1336,1337,1338,1339,1340,1341,1342,1343,1344,1345,1346,1347,1348,1349,1350,1351,1352,1353,1354,1355,1356,1357,1358,1359,1360,1361,1362,1363,1364,1365,1366,1367,1368,1369,1370,1371,1372,1373,1374,1375,1376,1377,1378,1379,1380,1381,1382,1383,1384,1385,1386,1387,1388,1389,1390,1391,1392,1393,1394,1395,1396,1397,1398,1399,1400,1401,1402,1403,1404,1405,1406,1407,1408,1409,1410,1411,1412,1413,1414,1415,1416,1417,1418,1419,1420,1421,1422,1423,1424,1425,1426,1427,1428,1429,1430,1431,1432,1433,1434,1435,1436,1437,1438,1439,1440,1441,1442,1443,1444,1445,1446,1447,1448,1449,1450,1451,1452,1453,1454,1455,1456,1457,1458,1459,1460,1461,1462,1463,1464
1985,,,,,,,,,,,,,,,,,,,,,,,,,,,,,,,,,,,,,,,,,,,,,,,,,,,,,,,,,,,,,,,,,,,,,,,,,,,,,,,,,,,,,,,,,,,,,,,,,,,,,,,,,,,,,,,,,,,,,,,,,,,,,,,,,,,,,,,,,,,,,,,,,,,,,,,,,,,,,,,,,,,,,,,,,,,,,,,,,,,,,,,,,,,,,,,,,,,,,,,,,,,,,,,,,,,,,,,,,,,,,,,,,,,,,,,,,,,,,,,,,,,,,,,,,,,,,,,,,,,,,,,,,,,,,,,,,,,,,,,,,,,,,,,,,,,,,,,,,,,,,,,,,,,,,,,,,,,,,,,,,,,,,,,,,,,,,,,,,,,,,,,,,,,,,,,,,,,,,,,,,,,,
1986,,,,,,,,,,,,,,,,,,,,,,,,,,,,,,,,,,,,,,,,,,,,,,,,,,,,,,,,,,,,,,,,,,,,,,,,,,,,,,,,,,,,,,,,,,,,,,,,,,,,,,,,,,,,,,,,,,,,,,,,,,,,,,,,,,,,,,,,,,,,,,,,,,,,,,,,,,,,,,,,,,,,,,,,,,,,,,,,,,,,,,,,,,,,,,,,,,,,,,,,,,,,,,,,,,,,,,,,,,,,,,,,,,,,,,,,,,,,,,,,,,,,,,,,,,,,,,,,,,,,,,,,,,,,,,,,,,,,,,,,,,,,,,,,,,,,,,,,,,,,,,,,,,,,,,,,,,,,,,,,,,,,,,,,,,,,,,,,,,,,,,,,,,,,,,,,,,,,,,,,,,,,
1987,,,,,,,,,,,,,,,,,,,,,,,,,,,,,,,,,,,,,,,,,,,,,,,,,,,,,,,,,,,,,,,,,,,,,,,,,,,,,,,,,,,,,,,,,,,,,,,,,,,,,,,,,,,,,,,,,,,,,,,,,,,,,,,,,,,,,,,,,,,,,,,,,,,,,,,,,,,,,,,,,,,,,,,,,,,,,,,,,,,,,,,,,,,,,,,,,,,,,,,,,,,,,,,,,,,,,,,,,,,,,,,,,,,,,,,,,,,,,,,,,,,,,,,,,,,,,,,,,,,,,,,,,,,,,,,,,,,,,,,,,,,,,,,,,,,,,,,,,,,,,,,,,,,,,,,,,,,,,,,,,,,,,,,,,,,,,,,,,,,,,,,,,,,,,,,,,,,,,,,,,,,,
1988,,,,,,,,,,,,,,,,,,,,,,,,,,,,,,,,,,,,,,,,,,,,,,,,,,,,,,,,,,,,,,,,,,,,,,,,,,,,,,,,,,,,,,,,,,,,,,,,,,,,,,,,,,,,,,,,,,,,,,,,,,,,,,,,,,,,,,,,,,,,,,,,,,,,,,,,,,,,,,,,,,,,,,,,,,,,,,,,,,,,,,,,,,,,,,,,,,,,,,,,,,,,,,,,,,,,,,,,,,,,,,,,,,,,,,,,,,,,,,,,,,,,,,,,,,,,,,,,,,,,,,,,,,,,,,,,,,,,,,,,,,,,,,,,,,,,,,,,,,,,,,,,,,,,,,,,,,,,,,,,,,,,,,,,,,,,,,,,,,,,,,,,,,,,,,,,,,,,,,,,,,,,
1989,,,,,,,,,,,,,,,,,,,,,,,,,,,,,,,,,,,,,,,,,,,,,,,,,,,,,,,,,,,,,,,,,,,,,,,,,,,,,,,,,,,,,,,,,,,,,,,,,,,,,,,,,,,,,,,,,,,,,,,,,,,,,,,,,,,,,,,,,,,,,,,,,,,,,,,,,,,,,,,,,,,,,,,,,,,,,,,,,,,,,,,,,,,,,,,,,,,,,,,,,,,,,,,,,,,,,,,,,,,,,,,,,,,,,,,,,,,,,,,,,,,,,,,,,,,,,,,,,,,,,,,,,,,,,,,,,,,,,,,,,,,,,,,,,,,,,,,,,,,,,,,,,,,,,,,,,,,,,,,,,,,,,,,,,,,,,,,,,,,,,,,,,,,,,,,,,,,,,,,,,,,,
1990,,,,,,,,,,,,,,,,,,,,,,,,,,,,,,,,,,,,,,,,,,,,,,,,,,,,,,,,,,,,,,,,,,,,,,,,,,,,,,,,,,,,,,,,,,,,,,,,,,,,,,,,,,,,,,,,,,,,,,,,,,,,,,,,,,,,,,,,,,,,,,,,,,,,,,,,,,,,,,,,,,,,,,,,,,,,,,,,,,,,,,,,,,,,,,,,,,,,,,,,,,,,,,,,,,,,,,,,,,,,,,,,,,,,,,,,,,,,,,,,,,,,,,,,,,,,,,,,,,,,,,,,,,,,,,,,,,,,,,,,,,,,,,,,,,,,,,,,,,,,,,,,,,,,,,,,,,,,,,,,,,,,,,,,,,,,,,,,,,,,,,,,,,,,,,,,,,,,,,,,,,,,
1991,,,,,,,,,,,,,,,,,,,,,,,,,,,,,,,,,,,,,,,,,,,,,,,,,,,,,,,,,,,,,,,,,,,,,,,,,,,,,,,,,,,,,,,,,,,,,,,,,,,,,,,,,,,,,,,,,,,,,,,,,,,,,,,,,,,,,,,,,,,,,,,,,,,,,,,,,,,,,,,,,,,,,,,,,,,,,,,,,,,,,,,,,,,,,,,,,,,,,,,,,,,,,,,,,,,,,,,,,,,,,,,,,,,,,,,,,,,,,,,,,,,,,,,,,,,,,,,,,,,,,,,,,,,,,,,,,,,,,,,,,,,,,,,,,,,,,,,,,,,,,,,,,,,,,,,,,,,,,,,,,,,,,,,,,,,,,,,,,,,,,,,,,,,,,,,,,,,,,,,,,,,,
1992,,,,,,,,,,,,,,,,,,,,,,,,,,,,,,,,,,,,,,,,,,,,,,,,,,,,,,,,,,,,,,,,,,,,,,,,,,,,,,,,,,,,,,,,,,,,,,,,,,,,,,,,,,,,,,,,,,,,,,,,,,,,,,,,,,,,,,,,,,,,,,,,,,,,,,,,,,,,,,,,,,,,,,,,,,,,,,,,,,,,,,,,,,,,,,,,,,,,,,,,,,,,,,,,,,,,,,,,,,,,,,,,,,,,,,,,,,,,,,,,,,,,,,,,,,,,,,,,,,,,,,,,,,,,,,,,,,,,,,,,,,,,,,,,,,,,,,,,,,,,,,,,,,,,,,,,,,,,,,,,,,,,,,,,,,,,,,,,,,,,,,,,,,,,,,,,,,,,,,,,,,,,
1993,,,,,,,,,,,,,,,,,,,,,,,,,,,,,,,,,,,,,,,,,,,,,,,,,,,,,,,,,,,,,,,,,,,,,,,,,,,,,,,,,,,,,,,,,,,,,,,,,,,,,,,,,,,,,,,,,,,,,,,,,,,,,,,,,,,,,,,,,,,,,,,,,,,,,,,,,,,,,,,,,,,,,,,,,,,,,,,,,,,,,,,,,,,,,,,,,,,,,,,,,,,,,,,,,,,,,,,,,,,,,,,,,,,,,,,,,,,,,,,,,,,,,,,,,,,,,,,,,,,,,,,,,,,,,,,,,,,,,,,,,,,,,,,,,,,,,,,,,,,,,,,,,,,,,,,,,,,,,,,,,,,,,,,,,,,,,,,,,,,,,,,,,,,,,,,,,,,,,,,,,,,,
1994,,,,,,,,,,,,,,,,,,,,,,,,,,,,,,,,,,,,,,,,,,,,,,,,,,,,,,,,,,,,,,,,,,,,,,,,,,,,,,,,,,,,,,,,,,,,,,,,,,,,,,,,,,,,,,,,,,,,,,,,,,,,,,,,,,,,,,,,,,,,,,,,,,,,,,,,,,,,,,,,,,,,,,,,,,,,,,,,,,,,,,,,,,,,,,,,,,,,,,,,,,,,,,,,,,,,,,,,,,,,,,,,,,,,,,,,,,,,,,,,,,,,,,,,,,,,,,,,,,,,,,,,,,,,,,,,,,,,,,,,,,,,,,,,,,,,,,,,,,,,,,,,,,,,,,,,,,,,,,,,,,,,,,,,,,,,,,,,,,,,,,,,,,,,,,,,,,,,,,,,,,,,
1995,,,,,,,,,,,,,,,,,,,,,,,,,,,,,,,,,,,,,,,,,,,,,,,,,,,,,,,,,,,,,,,,,,,,,,,,,,,,,,,,,,,,,,,,,,,,,,,,,,,,,,,,,,,,,,,,,,,,,,,,,,,,,,,,,,,,,,,,,,,,,,,,,,,,,,,,,,,,,,,,,,,,,,,,,,,,,,,,,,,,,,,,,,,,,,,,,,,,,,,,,,,,,,,,,,,,,,,,,,,,,,,,,,,,,,,,,,,,,,,,,,,,,,,,,,,,,,,,,,,,,,,,,,,,,,,,,,,,,,,,,,,,,,,,,,,,,,,,,,,,,,,,,,,,,,,,,,,,,,,,,,,,,,,,,,,,,,,,,,,,,,,,,,,,,,,,,,,,,,,,,,,,
1996,,,,,,,,,,,,,,,,,,,,,,,,,,,,,,,,,,,,,,,,,,,,,,,,,,,,,,,,,,,,,,,,,,,,,,,,,,,,,,,,,,,,,,,,,,,,,,,,,,,,,,,,,,,,,,,,,,,,,,,,,,,,,,,,,,,,,,,,,,,,,,,,,,,,,,,,,,,,,,,,,,,,,,,,,,,,,,,,,,,,,,,,,,,,,,,,,,,,,,,,,,,,,,,,,,,,,,,,,,,,,,,,,,,,,,,,,,,,,,,,,,,,,,,,,,,,,,,,,,,,,,,,,,,,,,,,,,,,,,,,,,,,,,,,,,,,,,,,,,,,,,,,,,,,,,,,,,,,,,,,,,,,,,,,,,,,,,,,,,,,,,,,,,,,,,,,,,,,,,,,,,,,
1997,,,,,,,,,,,,,,,,,,,,,,,,,,,,,,,,,,,,,,,,,,,,,,,,,,,,,,,,,,,,,,,,,,,,,,,,,,,,,,,,,,,,,,,,,,,,,,,,,,,,,,,,,,,,,,,,,,,,,,,,,,,,,,,,,,,,,,,,,,,,,,,,,,,,,,,,,,,,,,,,,,,,,,,,,,,,,,,,,,,,,,,,,,,,,,,,,,,,,,,,,,,,,,,,,,,,,,,,,,,,,,,,,,,,,,,,,,,,,,,,,,,,,,,,,,,,,,,,,,,,,,,,,,,,,,,,,,,,,,,,,,,,,,,,,,,,,,,,,,,,,,,,,,,,,,,,,,,,,,,,,,,,,,,,,,,,,,,,,,,,,,,,,,,,,,,,,,,,,,,,,,,,
1998,,,,,,,,,,,,,,,,,,,,,,,,,,,,,,,,,,,,,,,,,,,,,,,,,,,,,,,,,,,,,,,,,,,,,,,,,,,,,,,,,,,,,,,,,,,,,,,,,,,,,,,,,,,,,,,,,,,,,,,,,,,,,,,,,,,,,,,,,,,,,,,,,,,,,,,,,,,,,,,,,,,,,,,,,,,,,,,,,,,,,,,,,,,,,,,,,,,,,,,,,,,,,,,,,,,,,,,,,,,,,,,,,,,,,,,,,,,,,,,,,,,,,,,,,,,,,,,,,,,,,,,,,,,,,,,,,,,,,,,,,,,,,,,,,,,,,,,,,,,,,,,,,,,,,,,,,,,,,,,,,,,,,,,,,,,,,,,,,,,,,,,,,,,,,,,,,,,,,,,,,,,,
1999,,,,,,,,,,,,,,,,,,,,,,,,,,,,,,,,,,,,,,,,,,,,,,,,,,,,,,,,,,,,,,,,,,,,,,,,,,,,,,,,,,,,,,,,,,,,,,,,,,,,,,,,,,,,,,,,,,,,,,,,,,,,,,,,,,,,,,,,,,,,,,,,,,,,,,,,,,,,,,,,,,,,,,,,,,,,,,,,,,,,,,,,,,,,,,,,,,,,,,,,,,,,,,,,,,,,,,,,,,,,,,,,,,,,,,,,,,,,,,,,,,,,,,,,,,,,,,,,,,,,,,,,,,,,,,,,,,,,,,,,,,,,,,,,,,,,,,,,,,,,,,,,,,,,,,,,,,,,,,,,,,,,,,,,,,,,,,,,,,,,,,,,,,,,,,,,,,,,,,,,,,,,
2000,,,,,,,,,,,,,,,,,,,,,,,,,,,,,,,,,,,,,,,,,,,,,,,,,,,,,,,,,,,,,,,,,,,,,,,,,,,,,,,,,,,,,,,,,,,,,,,,,,,,,,,,,,,,,,,,,,,,,,,,,,,,,,,,,,,,,,,,,,,,,,,,,,,,,,,,,,,,,,,,,,,,,,,,,,,,,,,,,,,,,,,,,,,,,,,,,,,,,,,,,,,,,,,,,,,,,,,,,,,,,,,,,,,,,,,,,,,,,,,,,,,,,,,,,,,,,,,,,,,,,,,,,,,,,,,,,,,,,,,,,,,,,,,,,,,,,,,,,,,,,,,,,,,,,,,,,,,,,,,,,,,,,,,,,,,,,,,,,,,,,,,,,,,,,,,,,,,,,,,,,,,,
2001,,,,,,,,,,,,,,,,,,,,,,,,,,,,,,,,,,,,,,,,,,,,,,,,,,,,,,,,,,,,,,,,,,,,,,,,,,,,,,,,,,,,,,,,,,,,,,,,,,,,,,,,,,,,,,,,,,,,,,,,,,,,,,,,,,,,,,,,,,,,,,,,,,,,,,,,,,,,,,,,,,,,,,,,,,,,,,,,,,,,,,,,,,,,,,,,,,,,,,,,,,,,,,,,,,,,,,,,,,,,,,,,,,,,,,,,,,,,,,,,,,,,,,,,,,,,,,,,,,,,,,,,,,,,,,,,,,,,,,,,,,,,,,,,,,,,,,,,,,,,,,,,,,,,,,,,,,,,,,,,,,,,,,,,,,,,,,,,,,,,,,,,,,,,,,,,,,,,,,,,,,,,
2002,,,,,,,,,,,,,,,,,,,,,,,,,,,,,,,,,,,,,,,,,,,,,,,,,,,,,,,,,,,,,,,,,,,,,,,,,,,,,,,,,,,,,,,,,,,,,,,,,,,,,,,,,,,,,,,,,,,,,,,,,,,,,,,,,,,,,,,,,,,,,,,,,,,,,,,,,,,,,,,,,,,,,,,,,,,,,,,,,,,,,,,,,,,,,,,,,,,,,,,,,,,,,,,,,,,,,,,,,,,,,,,,,,,,,,,,,,,,,,,,,,,,,,,,,,,,,,,,,,,,,,,,,,,,,,,,,,,,,,,,,,,,,,,,,,,,,,,,,,,,,,,,,,,,,,,,,,,,,,,,,,,,,,,,,,,,,,,,,,,,,,,,,,,,,,,,,,,,,,,,,,,,
2003,,1538.025,1912.05,1865.0,1981.575,1892.125,1934.45,2445.8,,1934.6,2084.075,2151.6,2027.625,1951.45,2011.175,1883.85,1732.625,,1578.35,2041.6,,1835.4,2122.675,1920.4,1960.575,2080.725,1833.075,1696.55,1941.55,2058.925,1986.5,1823.275,2059.025,,1979.55,,1777.75,1885.1,1748.625,2060.8,2093.575,2007.4,2054.35,1789.55,1985.05,,1718.425,1812.9,1758.45,1993.975,2011.75,2036.625,1828.2,1652.575,1862.85,2051.6,1761.525,2047.225,1745.425,2206.175,2049.25,1643.525,2201.25,1687.675,1697.35,2285.725,,1816.525,1929.8,1992.15,1602.475,1797.175,1874.25,2032.325,1654.15,2220.925,1835.35,1883.925,1806.225,1997.2,2197.025,2115.325,2026.425,1767.175,1925.45,2033.025,1636.65,,1623.275,2091.85,1878.95,2070.0,2159.75,2026.075,,2106.6,2065.85,1809.375,2042.225,1996.875,1931.2,1872.2,2008.45,1898.225,2069.575,1831.65,2172.925,1905.625,1979.025,1991.15,2167.975,2109.35,,2152.0,,1832.675,1889.525,1976.25,1878.575,2018.45,1908.625,1844.5,,2132.625,1725.35,1917.35,2001.575,2035.575,1907.4,,2122.65,1958.775,2089.8,1907.425,1922.725,2095.275,2201.15,2117.8,1942.8,2043.675,1986.625,2206.55,2038.05,,1975.925,2228.55,1993.55,1770.975,1795.775,1690.975,2053.0,1815.025,1723.15,2133.2,,1716.85,2190.725,2152.95,1869.85,2229.475,2110.875,,1952.125,2083.7,2066.425,1892.6,1942.425,2085.875,1837.05,1891.875,1879.475,2042.475,2017.7,1985.575,1589.9,2000.15,2019.425,2017.125,1849.375,2003.3,2130.7,1957.075,1902.75,1939.825,1913.525,1608.65,1846.55,2046.675,1682.775,1894.6,1829.45,1891.775,1832.925,,,2091.925,,1707.125,1841.85,,2019.1,,,2019.075,2141.15,1986.3,1804.425,1929.75,1849.775,2016.875,1732.2,,1972.15,2287.175,,,1893.25,2091.9,1869.725,1752.275,1810.85,1968.15,2235.525,1885.2,2070.225,2032.3,,1965.525,1981.0,1833.9,1900.525,2414.15,1879.3,1858.2,1746.4,1903.875,2046.325,2039.2,1912.625,1673.075,2081.725,,1577.8,2009.025,1956.8,2043.5,2101.85,2071.875,1907.625,1824.7,1887.525,1738.075,1965.2,2182.125,,2043.75,2027.0,1884.875,1687.65,2042.95,1825.05,1831.975,1783.0,1915.35,1787.05,2046.125,,1707.725,1919.725,,2000.85,1767.25,2069.475,2167.925,1773.55,1892.1,,1954.725,2039.05,1914.95,1713.375,1976.625,2195.85,1974.85,2027.4,1918.0,1773.125,1978.65,2127.75,2139.025,1920.6,1744.95,2095.3,1968.675,2105.15,1924.0,1853.975,1945.475,2051.05,1972.775,2034.75,1865.15,2081.375,1763.725,1989.175,1901.725,2194.925,2044.9,2151.575,1755.0,2150.95,2270.225,,1865.05,1578.375,2134.15,2147.725,2002.475,2023.35,1828.8,2052.65,2013.225,1989.825,2199.25,2275.3,1766.975,1855.075,1848.6,1832.375,,1968.125,,2002.8,2046.475,2069.65,1913.075,2132.45,2060.925,1996.975,1886.65,1691.55,1768.275,2152.2,1963.675,,,2171.025,2023.975,1992.45,1957.225,1960.7,1953.3,1869.325,2142.175,1986.4,1810.6,1928.575,1836.85,1780.225,1804.525,2021.475,2101.45,1796.175,1801.425
2004,,1533.775,1921.175,1946.375,2110.375,1964.475,1829.8,2020.675,,2050.375,2140.925,2206.625,1938.75,1780.825,1906.55,1925.45,1806.65,,1596.475,1889.15,,1809.525,1932.75,1738.7,1909.7,1946.425,1998.825,1680.425,1911.175,2113.1,1826.175,1987.675,2074.95,,1880.625,,1769.0,2056.225,1729.45,1804.175,2118.925,1856.25,1882.725,2069.475,2025.35,,1718.475,1893.75,1673.825,2130.025,1919.5,2019.425,2083.0,1638.8,1955.05,1916.875,1887.45,2000.9,1798.45,1902.525,1963.6,1858.05,2333.7,2075.45,1848.775,1833.825,,1898.475,1994.025,1873.975,1671.6,1846.7,2055.0,2052.0,1718.55,1781.125,1976.5,1858.3,1943.825,1949.475,2261.25,2001.425,1688.55,1898.475,1766.325,1900.3,1787.2,,1977.3,2210.95,1996.9,1884.05,2004.85,1950.55,,2061.475,2202.95,1643.35,2063.825,1922.375,1721.35,1850.925,2039.8,2003.975,1863.8,2153.225,1944.875,1905.775,1883.075,2357.075,2024.6,1975.125,,2120.15,,1862.2,1953.175,1936.0,2011.425,2037.725,1746.275,1770.25,,1888.375,1873.8,2118.075,2040.225,1963.4,1796.0,,1914.775,1729.175,2096.15,1989.575,2022.525,1743.1,2060.8,2065.4,1865.775,1823.8,1872.625,1972.575,1909.275,,1938.6,2053.325,1982.225,1839.425,1944.5,1862.2,2165.75,1821.225,1734.9,1989.625,,1912.6,2049.2,1957.675,1906.675,2076.1,1840.925,,1892.55,1983.575,1905.1,1821.975,2076.625,2241.575,1989.825,1779.45,1920.725,1943.025,2051.625,2024.05,1717.25,1952.35,1886.275,2057.875,1820.275,2002.675,2002.9,2006.225,2183.55,2204.2,1843.525,1742.825,1792.05,1911.175,,1824.7,2028.4,1835.8,2142.35,,,1808.15,,1753.525,2113.5,,1949.7,,,1792.625,2097.5,1962.1,1651.225,1627.675,2088.025,2197.225,1628.425,,1851.9,2133.475,,,1887.975,2056.65,1974.35,1927.65,1778.65,1902.15,1898.975,2018.55,2031.2,1928.6,,1916.6,1985.45,2119.7,1884.525,1925.6,1966.025,1959.6,1797.75,1795.8,2246.775,1974.175,1925.05,1736.275,1891.675,,1557.525,1870.45,1944.15,1960.45,1783.575,2076.725,2180.85,2072.75,2054.4,1842.225,1824.875,1886.35,,1943.35,1998.825,1773.325,1500.2,2075.875,1950.4,2011.775,1736.325,1762.95,2006.65,1986.625,,1775.025,1656.975,,1902.275,1745.6,2091.25,1955.225,1726.55,2238.075,,1775.375,1825.25,1923.25,1687.575,1984.7,2006.5,1851.275,1823.85,1903.425,1904.425,1955.55,2069.875,2011.2,1755.5,1977.125,1910.275,1547.375,1990.275,1764.35,1933.25,1813.425,1774.0,2085.125,1949.675,1523.725,2227.05,1859.125,2159.575,1921.45,2038.95,1878.525,2036.275,1733.15,2022.975,2109.8,,1723.25,1832.75,1936.825,1882.075,1835.875,2042.5,1811.475,1838.825,1963.675,1925.375,2027.025,2116.15,1793.15,2024.95,1875.925,1604.775,,2017.85,,2055.225,2087.925,2037.3,1957.05,2008.0,2100.425,1993.25,1725.325,1754.6,1919.8,1791.8,2079.85,,,1925.7,2088.65,2282.975,1689.05,1756.25,1819.825,1772.2,1975.675,2041.075,1998.0,1690.3,1852.225,1956.3,1756.5,1918.7,2182.725,1728.525,1866.275
2005,,1638.85,1902.45,1996.575,2180.375,1956.45,1850.7,2007.2,,1875.1,1908.15,2361.95,2195.775,1692.625,1808.375,2033.25,1844.1,,1585.075,2166.175,,2104.725,1783.4,1758.55,2090.975,2118.575,1881.275,1798.3,2319.3,1846.1,1773.625,1839.625,1960.775,,1899.475,,1991.725,2234.375,1532.825,1858.875,1824.25,1849.1,2008.3,1893.0,2072.2,,1774.675,1841.65,1816.35,2025.575,1888.15,1842.825,2155.625,1715.675,2245.425,1650.55,1785.175,2004.125,1716.675,2046.15,1750.8,1811.35,2091.575,1914.875,1657.125,2158.25,,1973.8,2115.8,1879.0,1626.85,1751.3,1852.75,2136.925,1980.075,1919.125,1841.35,1764.45,1965.275,1877.275,2144.675,2027.125,1823.15,1823.05,1997.3,1807.3,1793.975,,1934.825,1944.075,1910.1,2188.6,2006.15,2045.775,,2039.675,2072.7,2049.45,2067.375,1906.925,2056.225,1671.725,2052.5,2119.4,1975.175,1966.575,1777.15,1873.8,1901.85,2160.6,1994.95,1732.3,,2074.9,,1858.0,1895.15,1930.1,2052.9,1982.3,1948.275,2162.35,,1975.375,1798.9,1732.625,1734.55,2168.2,1888.8,,1773.35,2032.875,2196.525,2229.4,1999.95,1866.85,1726.175,2238.675,1999.25,1787.775,1872.025,1991.1,1767.175,,1981.325,2052.025,1891.875,1968.75,1910.875,1839.325,1915.9,1784.225,1966.25,1982.575,2249.25,2047.75,2189.5,1968.625,2022.625,1980.625,1983.6,,1906.9,1887.125,1921.575,1860.0,1872.75,2190.4,1844.125,1807.1,2053.55,2314.475,1969.375,1922.75,1757.75,1963.6,1879.95,2110.0,1994.75,2217.15,2100.775,1747.1,2062.35,1846.625,1966.325,1835.425,1599.275,2107.45,,1921.475,1842.825,1979.625,1685.2,1734.725,,1819.425,,1938.475,2297.825,,2123.2,,,1882.325,1973.925,1814.7,2073.575,1965.275,1922.575,2115.975,1789.025,,1811.75,2383.05,,,1902.975,2127.975,1921.25,2004.55,1902.825,2053.125,1780.8,1931.85,2071.475,2159.95,,2088.55,1952.625,2173.625,2170.025,1878.575,2208.8,1890.35,1901.0,1915.975,2149.45,1822.525,1972.35,1857.175,2013.2,,1509.85,2103.75,1804.725,1922.875,1771.6,1747.7,1946.975,1942.875,2013.275,1847.575,1788.35,2071.775,,2058.5,1908.775,1888.6,1524.475,1972.875,1811.35,2039.425,1923.575,1813.875,2155.475,2083.85,,1692.35,1678.5,,1816.925,1519.275,2083.875,1837.1,1637.375,1832.375,,1963.625,1683.65,1908.775,1769.25,1916.0,1980.2,1774.925,1819.325,1891.025,1876.325,2097.9,2086.025,2077.425,1795.1,1909.075,2213.55,1626.5,2189.9,1772.275,2064.6,2022.55,1829.7,2035.0,1736.875,1604.0,2144.55,1712.1,1917.475,1910.425,2072.0,1874.575,2094.725,1663.4,1751.475,2265.85,1795.925,1848.75,1785.35,1834.55,2006.775,2013.45,1602.425,1815.775,1839.525,1969.775,1882.15,1984.125,2128.925,1738.25,1871.15,1812.8,1921.4,1683.425,2160.25,,2095.05,2102.275,2082.15,1980.325,1936.1,2073.1,1957.475,1722.125,1990.4,1729.8,1926.025,2023.625,,,1938.9,2243.525,2309.2,1754.175,1870.0,2014.825,1769.25,1867.25,1903.9,1995.425,1853.55,1913.225,1685.925,1869.25,1969.525,1861.55,1873.075,1706.05
2006,,1600.3,1967.725,1902.275,1746.475,2111.75,2025.1,2022.475,,1923.875,1889.925,2199.725,1911.375,1874.675,1890.725,2133.375,1966.175,,1586.375,1860.875,,2137.95,1685.275,1132.55,2200.65,2100.2,1867.45,1581.625,2018.85,2084.4,1721.35,1930.35,2105.425,,1765.2,,1855.15,2146.25,1885.625,1927.425,1843.625,1776.525,1960.8,2217.55,1961.575,,1808.025,1900.525,1684.125,2001.875,1957.725,2032.25,2135.075,1835.625,2087.925,1806.65,1689.9,1831.55,1773.05,2076.05,2027.775,1703.275,2164.2,2046.725,1740.075,1829.025,,2045.95,1965.625,1984.6,1724.9,1856.35,1920.825,2102.15,1914.85,2080.45,1702.0,1864.425,1936.1,2013.05,2361.0,1833.775,1716.025,1903.375,1879.85,2021.3,1716.05,,1751.075,2152.225,2014.075,2154.725,1911.45,1943.5,,2308.025,2114.65,1889.275,2017.575,2082.575,2013.525,1654.725,2022.725,2006.05,1971.075,1949.35,1812.925,2129.875,1913.925,1996.4,2093.8,1787.925,,2154.075,,1793.975,1859.225,1831.45,1935.375,2027.9,2144.05,1965.5,,1981.925,1834.725,1828.95,1985.2,1980.05,1722.775,,1980.275,1855.875,2160.15,2217.175,2110.2,1710.075,1726.25,2281.05,2081.675,1957.15,1924.2,2173.2,1875.1,1833.625,2161.825,2177.35,1861.425,1786.15,2013.55,1869.25,1846.875,2137.95,2215.55,1869.675,2099.05,2103.3,2011.5,2249.225,2029.3,1871.15,2093.025,,1738.0,1992.425,1978.55,2005.6,1936.55,2232.025,1866.675,1822.725,2083.9,2450.575,2022.95,2001.4,1730.025,1852.575,2153.5,1951.675,1996.8,2088.55,1875.175,1849.15,1952.95,2159.6,1897.9,1884.675,1759.775,2094.075,,1763.2,1995.575,1835.4,1904.825,1820.725,1611.225,1738.625,,1831.2,2051.05,,2052.15,,,2183.725,2097.7,1783.9,1889.4,2006.175,1803.775,2017.3,1904.925,,2072.425,2099.225,,1810.875,1849.375,2049.35,1995.175,1880.65,1673.95,2057.525,1880.15,1871.85,1882.0,2003.35,,1781.175,2163.825,2021.7,2138.5,2093.95,2087.225,1937.1,1789.225,1871.875,1891.025,2076.1,1948.625,1811.9,2034.05,,1438.975,1881.3,1890.725,1963.175,1879.8,1784.15,1782.8,1741.0,1981.525,1855.95,1961.15,1970.8,1975.425,1963.0,1876.075,1933.925,1669.4,2108.325,2024.025,1926.075,2165.3,1834.0,1834.25,1943.825,,1561.05,1642.65,,1956.45,1744.075,1981.3,1875.2,1990.25,1973.9,,1899.925,1807.925,2158.675,1936.675,1850.125,1828.65,1729.3,1740.525,1936.0,1807.0,1892.35,2270.45,1844.475,2144.45,1817.0,2407.325,1765.575,2088.825,1846.575,2053.8,1765.45,2048.725,2207.1,1916.35,1635.85,2212.05,1786.975,2026.15,1966.6,1798.85,1808.525,1837.275,1846.05,2061.825,2036.55,1814.35,1740.075,1990.8,1728.4,2083.775,2014.375,1729.2,1932.775,1816.4,1983.575,2113.775,2038.15,2001.675,1836.175,1922.45,1792.55,1940.475,1733.625,1750.05,,1881.4,2019.95,1870.925,2004.975,1936.65,1946.0,1987.5,1756.75,1790.9,1762.375,2054.125,2006.3,,,1746.15,2298.7,2195.125,1753.275,1657.275,1861.75,1947.775,1920.625,1996.5,1888.525,1876.675,2008.525,1665.6,1693.675,2133.6,2039.65,2027.75,1770.7
2007,,1799.65,2103.525,2091.975,1861.35,1967.25,2082.3,2125.675,,1971.25,1993.1,2089.675,1782.65,1896.025,1973.975,2305.625,2148.05,,1869.5,2212.6,,1977.7,1991.825,2082.375,2113.8,1761.2,1931.0,,2196.175,2065.975,1832.975,1995.8,2142.925,,1816.75,,1901.725,2229.375,1857.825,2227.45,2118.725,1951.9,2181.6,2212.1,2165.85,1726.15,2146.825,2170.65,1785.875,2037.25,2046.125,1862.6,1973.4,1685.15,2115.925,1805.5,1825.1,2251.675,1756.675,1967.0,1961.125,1700.1,2166.375,2146.275,1724.875,2011.525,,2121.85,2139.975,2074.025,1738.85,2254.25,2020.1,1976.45,1791.7,1973.6,1923.325,1886.975,2109.0,1971.325,2145.2,2122.2,1867.125,1881.475,2146.975,1937.15,1768.675,,1847.0,2272.15,1999.6,2063.7,2009.925,2148.1,,2288.675,2131.175,1855.375,2184.55,1954.25,2216.975,1932.625,2071.625,2033.575,1948.925,2004.675,1927.0,2087.075,2063.275,2198.85,2355.575,1699.075,,2237.85,,1976.8,1991.975,2203.925,1986.125,1988.5,2085.3,2336.925,,2092.85,2114.275,1876.4,2079.825,2142.225,1987.175,,1932.75,1879.7,2002.15,2030.2,1970.575,1778.875,1802.2,2386.95,1957.95,1879.25,1916.575,2385.575,2244.65,2077.775,2061.125,2196.375,2041.025,1910.625,2182.1,1860.75,2026.5,1879.95,2187.75,1963.875,2090.225,2050.8,2054.15,2092.3,2084.8,1920.9,2100.875,,1853.35,2053.95,2206.7,2189.85,2192.225,2355.5,2212.45,2056.275,2048.2,2356.9,2089.175,2134.45,1909.875,2077.5,2027.7,2012.375,2201.3,2176.125,2204.35,2024.95,2086.05,1953.2,1982.025,1919.1,1783.125,2128.95,,2196.725,2109.85,1974.575,1792.0,1834.5,1620.3,1949.45,,1827.125,2200.225,,2251.65,,,1883.775,2124.375,1792.425,2136.375,2321.725,2023.9,2327.525,2110.6,1943.1,2046.9,2520.1,,1774.225,2173.625,2056.775,2088.225,1885.025,1665.85,2361.475,2182.425,2109.525,2120.175,2156.825,,1944.35,2318.025,2112.9,2171.25,2252.475,2061.85,1999.9,1986.35,1915.35,2264.325,2170.6,2071.0,2200.925,2018.675,,1532.975,2098.025,2132.825,1987.175,2027.825,2133.15,2049.275,1867.825,2146.675,1847.575,1757.65,2044.625,2023.725,1943.225,2354.975,2009.725,1719.825,2078.525,2042.425,2183.175,2060.325,1890.65,1963.75,1724.4,,1861.075,2145.55,,1996.65,1691.45,2256.95,1843.325,1952.325,1898.25,,2021.3,1819.125,2125.875,1801.3,2006.75,2111.45,1875.275,2020.45,1963.75,2081.475,1971.275,1969.975,2030.85,1950.8,1878.425,2286.025,2097.275,2049.35,2078.2,2380.175,2058.575,2188.6,2373.525,2059.3,2008.675,2227.775,2016.275,2141.9,2082.75,2039.3,1968.125,1970.0,1631.45,2041.05,2084.725,2034.95,2214.5,1999.725,1928.225,1948.9,1996.35,2031.575,1912.025,1930.725,2068.85,1955.8,2238.825,2342.7,1975.2,1745.65,1900.225,2181.5,1718.975,2317.9,,2196.175,1984.2,2095.025,2151.525,2072.45,2069.65,2064.275,2627.125,2010.35,1882.25,2243.45,2148.525,1830.275,,2046.225,2252.425,2277.475,2014.1,1907.175,1941.0,1985.375,2099.25,1941.7,1903.55,1877.35,2159.475,1832.75,2010.45,2177.225,2133.375,1721.775,1898.225
2008,,1652.875,2163.3,2323.65,1849.025,1814.025,1990.475,2098.575,,1972.225,2036.675,2104.575,1949.375,1949.975,1906.75,2294.725,1864.825,,1962.25,2036.775,,2345.0,1881.4,2197.525,2340.6,1763.05,1948.925,,2395.975,2129.35,1994.75,1962.475,2229.575,,1776.925,,2030.55,2113.1,1949.175,2390.65,2054.9,1954.35,2155.7,2098.0,2076.525,1811.45,2129.8,1984.25,1860.375,2284.9,2112.05,1813.625,2035.025,1687.75,2310.075,2045.425,1652.475,2272.6,2136.3,1952.3,1943.875,1763.55,2260.45,2227.6,1805.525,2090.7,1982.95,2268.6,2186.075,1823.525,1802.45,2129.75,1971.75,2068.575,1614.25,1693.45,2051.875,1773.575,1898.6,2138.375,2393.275,2268.025,1774.0,1760.825,2005.125,1850.05,1813.275,,2011.6,2336.625,1823.275,1947.55,1912.7,2346.35,2220.05,2165.225,2043.1,1928.825,2300.95,1806.775,2152.875,1983.75,1705.925,2131.75,2304.35,2110.225,2026.125,2158.05,1911.15,2317.825,2220.975,1725.65,,2062.925,,2369.725,2082.05,2061.75,1748.05,2077.025,1787.0,2216.275,744.175,2150.5,1873.85,1816.6,2123.425,2224.2,2025.45,,2181.25,1956.575,2215.2,1928.6,2053.45,1974.325,1911.475,2472.025,2129.25,1897.3,2116.125,2279.325,2180.425,2121.85,2228.425,2007.75,2236.55,2149.025,1918.475,1928.6,1893.875,2141.35,2063.25,2140.4,1992.275,1996.325,2154.725,2218.625,2242.175,1796.9,2050.3,,2016.3,2104.65,2156.6,2223.875,1833.275,2301.35,2351.375,1787.325,2208.75,2411.25,2192.15,2137.675,1940.15,2072.275,2117.975,2158.85,2232.525,2233.3,2320.125,2044.3,2082.775,1999.475,1797.45,1923.5,1826.05,2060.7,,1985.1,2202.9,2044.7,1946.6,1870.9,1876.1,1973.6,,2281.625,1960.275,1932.325,2060.35,,,2008.675,2153.1,1900.025,2168.5,2503.25,2077.025,2083.025,2090.675,2066.55,2170.85,2621.525,,1966.625,1963.125,1973.875,2044.6,1873.225,1790.775,2289.325,2229.5,1997.8,1997.2,2071.5,,2175.15,2081.275,2075.5,2040.2,2115.375,1988.625,1991.4,2185.025,1982.9,2340.1,2326.225,1983.175,2047.425,2108.95,1658.975,1652.725,2136.8,2129.5,2132.075,2002.025,2317.075,2042.075,1981.4,2337.9,2370.425,2102.725,2330.7,1858.825,1939.275,2259.425,1936.075,1653.75,2183.4,2052.075,2049.7,2204.875,2034.575,1819.55,1860.6,1924.5,1770.85,2243.725,,2320.15,1677.15,2262.9,1980.075,2099.6,2182.15,,2074.375,1937.55,1879.675,1995.75,2000.675,2083.475,1827.45,2008.625,2176.775,1910.875,2074.225,2089.1,2148.125,2167.95,1957.4,2329.425,1950.1,1999.95,2202.15,2332.625,2105.275,2176.7,2165.8,2178.2,2113.775,2096.7,2198.925,1985.625,2077.075,2099.55,2057.65,2250.875,1819.225,2258.8,2223.0,1878.875,2148.225,1893.5,2139.05,2164.375,1918.15,1891.75,2048.25,1933.9,2052.775,2262.5,2105.325,2136.15,2016.975,1729.175,1921.775,2147.775,1798.35,2379.45,,2029.125,2141.4,2421.425,2189.9,2214.0,2170.2,2230.75,2007.5,1958.025,1915.075,2148.05,2117.45,1926.425,,2243.1,2146.6,2239.975,1919.175,1819.3,2207.15,1999.175,1978.5,1937.425,2004.4,1997.175,2060.1,1779.175,1898.1,1956.575,2151.375,1825.8,1902.7
2009,,1733.125,2239.95,2130.725,1746.125,1942.85,2053.6,2144.725,,1931.15,2178.575,2065.3,2033.95,2057.825,2226.625,2178.8,1867.55,,1957.75,2238.25,,2088.075,1921.0,2272.6,2194.525,1898.2,2041.85,,2100.9,2254.475,1982.45,1910.075,2099.275,,1808.1,1811.6,2127.575,2116.575,1890.375,2160.35,2001.775,1849.675,2160.675,2018.95,2150.175,1643.125,2114.95,1948.075,1740.55,2109.075,2304.25,2314.0,2113.5,1913.75,2183.4,2065.325,1869.5,2366.45,1884.05,1950.675,2024.35,1834.175,2161.3,2033.6,1960.725,2237.1,1925.625,2151.425,2086.95,1832.725,1793.375,2266.275,2187.2,2178.25,1819.025,1840.275,2188.875,1857.65,1977.775,1846.025,2369.15,2336.2,1786.825,1747.35,1913.475,1874.1,1812.0,1671.65,1951.775,2335.225,1933.775,2089.325,2105.625,2092.275,2129.925,2272.475,2128.525,2042.175,2334.5,1914.05,2312.6,1829.7,1855.625,2055.525,1944.125,2048.85,1973.05,2269.825,1879.4,2300.925,2077.25,1859.375,,2055.025,,2178.8,1778.85,1973.025,1815.6,2146.875,2091.45,2270.5,2093.9,2084.95,1906.7,2008.525,1981.3,2083.725,2183.45,,1972.125,2003.65,2054.275,1858.925,2106.425,1895.975,1667.15,2331.5,2159.45,1765.025,2255.525,2230.3,2165.825,1814.475,2183.775,2334.225,2138.3,2096.775,1816.325,1972.05,2016.825,2127.5,2066.325,2079.95,2058.025,2044.425,2287.875,2026.8,2178.925,2014.85,2269.975,,1920.7,1995.025,2304.675,2310.7,1929.125,2296.925,2053.375,1792.55,1951.325,2306.1,2229.65,1955.25,1859.725,2036.075,2124.15,1983.6,2120.625,2416.625,2477.3,2091.675,1957.025,2046.875,1752.925,1957.45,2154.5,2193.15,,2223.45,2105.75,2035.75,1871.825,2088.05,2071.775,2008.625,,2162.625,2059.65,2089.8,2006.825,,,1911.725,2146.325,1872.4,2161.125,2275.8,1927.65,2414.15,1757.775,2069.8,2186.875,2349.825,995.475,1906.05,2199.025,1843.375,1592.95,2073.825,1824.525,2141.075,2201.95,2171.65,2082.6,1998.5,,2216.5,2415.825,1953.65,2061.825,2138.275,1742.075,1844.7,1915.325,2061.675,2061.675,2067.275,2065.5,2094.925,2069.45,1892.25,1564.5,2345.825,2254.65,2066.125,2115.675,2288.875,2107.4,2124.225,2166.15,2297.3,2136.75,1867.675,2042.175,1933.175,2151.275,1827.15,1821.3,1900.3,1962.5,1878.275,1858.325,1992.0,2047.85,1653.3,1987.475,1763.55,2065.35,1359.4,2179.525,1767.45,2381.85,1905.3,2102.125,2240.15,880.225,1951.1,1881.85,1984.7,1859.375,2170.075,2057.075,1879.25,2201.775,2134.25,1943.2,1994.05,1952.2,2108.0,1967.5,1900.975,2503.825,2075.575,1937.9,2164.575,2367.875,1984.85,2044.575,2237.1,2128.7,1980.975,2332.0,2025.575,2035.275,2269.425,2146.975,2002.225,2166.6,1517.35,2210.725,2256.95,2222.0,1968.65,1798.05,2029.175,2175.775,1966.05,1969.625,2007.075,2015.1,1929.15,2349.4,2077.275,2167.925,1916.975,2074.4,2102.675,2057.85,1669.45,2253.525,,2201.05,1858.725,2107.85,2183.8,2306.125,1995.075,2205.075,2300.0,2003.325,1683.65,2059.675,1992.8,1927.525,,2049.925,2262.225,2403.7,1889.425,1966.3,2251.675,2041.0,2036.2,2012.25,1842.75,1897.725,1859.025,1861.825,2058.45,2123.55,2172.425,1777.75,1859.775
2010,,1706.35,2224.4,2096.675,1658.9,1914.6,2123.3,2339.125,,2027.4,2084.875,2176.275,1978.75,1891.775,2199.7,2300.3,1966.25,,1820.825,2210.15,,2053.625,1858.575,2103.625,2189.575,1830.65,1854.55,,2227.75,2043.875,2231.375,1865.175,2030.55,,1952.8,1939.225,2057.675,2006.375,2072.35,2357.675,1861.775,2131.85,2250.575,1858.025,2156.35,1714.225,1947.225,1936.975,1752.575,2162.85,2182.175,1912.475,2201.45,1806.3,2163.575,2023.7,2002.925,2207.3,1970.775,2022.3,2018.45,1818.625,2204.275,1778.225,1911.725,2057.55,1995.975,2082.375,2340.625,1911.65,1714.025,1973.125,2155.325,2053.15,1541.3,1932.05,1985.975,2266.8,2106.475,2091.125,2294.75,2159.05,1889.15,1885.65,1996.375,1978.8,1935.525,1804.225,2150.25,2279.875,1927.025,2190.425,2151.425,1941.275,1995.925,2195.3,2045.9,2141.6,2103.025,2035.425,2134.75,1930.75,2094.025,2153.475,1916.325,2046.825,2183.85,2067.6,1956.625,2335.375,2184.975,1915.275,,2171.275,,1955.625,1852.7,1943.075,1969.7,2226.775,2087.15,2372.675,2477.7,2112.575,1983.35,1762.75,1955.375,2233.275,2087.075,,2116.2,1943.7,2080.875,1991.875,2250.075,1974.3,2147.65,2014.625,2149.825,1906.1,2242.075,2369.2,2309.3,2063.5,2097.775,2402.55,2067.9,2174.275,1966.65,2257.675,1918.25,2060.7,2190.95,2163.35,1988.475,2293.15,2194.275,2272.275,1996.3,1810.125,1992.55,,1910.425,2111.775,1930.325,2160.85,2048.175,2135.4,2191.15,1794.5,2131.925,2146.4,2203.125,2117.625,1971.975,1935.45,2124.65,2270.025,2197.775,2324.8,2299.275,1870.375,2094.475,2067.425,1841.6,1752.15,2058.8,2544.75,,2162.425,2104.15,1985.375,2175.625,2047.625,1888.675,2091.75,,2189.65,2124.425,1703.35,2237.25,,,2163.5,2200.125,1894.85,2256.475,2324.825,1839.5,2319.5,1703.075,1916.325,2218.9,2342.5,1881.75,1939.05,2098.025,1990.8,1766.375,1893.95,2110.025,1898.1,2209.35,2230.625,2395.625,2217.75,,2118.975,2214.075,2152.125,2173.5,2178.9,1956.975,1919.625,1829.5,1939.95,1960.9,2026.45,1902.625,2067.3,1792.0,2019.65,1605.6,2300.35,2124.975,2216.425,2076.7,2199.825,2035.625,2264.25,2303.025,2290.975,2114.5,2001.15,1936.875,1933.15,2050.475,1994.7,1609.15,1984.05,1993.85,1930.125,2031.625,1896.05,2007.125,1386.0,1936.3,1849.1,2006.4,2489.575,2258.9,1793.275,2315.125,1812.425,2038.0,2181.8,2024.4,2089.325,1813.95,2033.475,1868.5,2066.55,1929.0,1962.6,2127.8,2208.85,1949.625,2028.525,2003.925,2174.75,1792.4,1993.55,2282.5,1955.825,1975.4,2130.7,2331.5,2236.725,2101.025,2440.675,2068.875,2090.275,2372.975,1902.4,1918.575,2140.225,1970.625,1979.425,2211.85,2290.925,2162.85,2022.8,2072.2,1976.2,1715.7,2047.9,2118.075,1860.7,1954.3,2017.475,2095.5,2101.2,2134.15,2169.6,1894.4,1935.275,1768.475,2070.15,2071.375,1697.225,2252.2,,2116.65,1975.0,2178.275,2298.575,2257.55,1992.2,2165.2,2126.75,2101.375,1682.4,2275.85,2132.5,1705.025,,2101.7,2085.05,2419.45,2034.125,1940.275,2142.175,2020.45,2141.475,2129.025,1928.125,2020.175,1874.925,2170.5,2026.075,2054.65,2313.8,2027.65,1891.825
2011,,1771.0,2316.8,2109.775,1774.875,2125.575,1997.45,2159.1,,1953.9,1980.05,2317.8,2013.275,2149.425,2153.675,2126.225,1964.1,,1989.025,1985.55,,2153.575,1967.475,2006.275,2375.25,1848.875,1919.4,,2157.8,2049.7,2141.4,2129.7,2045.625,,1868.225,1962.675,2179.7,2022.775,2042.425,2358.475,1960.575,1799.375,2162.9,1973.175,2015.45,1880.625,1995.45,2128.4,1895.325,2056.0,2140.925,2184.0,2109.25,1932.8,2102.775,2109.7,1975.55,2298.675,2062.35,2313.35,2027.775,1865.35,2354.975,1915.175,1864.375,2081.95,1966.1,2075.65,2065.15,1704.7,1864.525,2031.5,2319.775,1959.975,1712.225,1796.825,2159.85,2285.725,2043.95,1977.175,2398.6,2083.475,1736.15,1809.325,1883.9,1858.6,1969.4,1780.8,1947.6,2104.7,1927.35,1974.475,2038.375,1874.125,2103.425,2145.75,1929.675,1975.425,2166.05,1904.575,2015.05,1923.325,2017.825,2000.45,1979.275,2081.1,2023.25,2121.15,2006.925,2157.525,2200.2,2325.65,,2119.425,,2003.15,1744.4,2002.625,1989.725,2019.375,1922.0,1898.95,2141.475,1988.25,1975.8,1773.325,1989.675,2129.675,1956.475,,2105.125,2099.15,2314.025,2086.275,2286.75,1967.95,1963.775,2008.625,1996.65,1835.475,2139.7,2394.95,2140.55,2026.4,2240.225,2216.825,2436.65,2123.325,1941.525,2239.275,1956.325,2089.45,2154.2,2410.375,1955.375,2109.3,2343.2,2088.65,1998.1,2039.85,2118.925,,1894.5,1989.0,2200.15,2325.125,2104.375,2367.725,1984.0,1914.8,2058.525,2360.825,2192.05,2192.125,2028.65,1995.4,2123.125,2020.475,2231.575,2115.425,2337.975,1980.25,2047.95,1954.5,1860.4,1903.275,2003.3,2111.9,,2378.775,2109.575,2118.35,1842.225,1929.35,1872.725,2026.675,,2203.125,2040.4,1752.625,2100.95,,,2017.475,2130.9,1818.275,2164.725,2165.325,,2198.125,1506.95,1801.225,2269.1,2377.2,2038.2,2347.5,2131.225,1959.525,1909.55,1848.975,1984.375,2165.225,2088.0,2384.425,2345.3,2196.025,,2040.575,2152.7,2015.575,2301.3,2178.25,2166.675,1802.65,1828.325,1981.65,2165.95,2037.375,2013.9,1984.2,2021.125,1933.4,1960.175,2315.475,2122.875,2138.125,1772.35,2168.675,1951.15,2184.675,2279.5,2125.475,2085.075,1890.625,1995.525,2056.75,1956.4,1829.75,1818.625,1842.8,2041.975,1989.7,2180.6,1919.5,2140.85,1678.3,1958.35,1738.175,2111.15,2315.275,2137.4,1563.4,2133.85,1734.175,1804.6,2074.825,2145.175,2098.55,1927.725,1829.975,1903.2,2035.775,2019.025,2022.925,2136.55,2124.325,1936.6,2075.575,2170.3,2050.675,2029.275,1982.75,2200.575,1848.675,2247.175,2128.275,2236.925,1846.2,2070.25,2319.125,1995.725,2190.35,2271.6,2189.375,1999.75,1980.925,2045.125,1771.375,2154.725,1938.7,2124.025,1939.175,1956.65,2268.975,1929.45,1876.275,2150.75,1886.325,1827.525,2049.9,2057.9,2233.5,1951.025,2171.625,2142.05,1760.425,1994.4,2041.525,2065.075,1842.425,2235.8,,2246.25,2184.625,2269.375,2028.475,2117.475,1931.875,2122.0,2056.675,2224.7,1698.85,2209.25,2121.35,,,2064.4,2262.475,2404.375,2150.375,1825.975,1986.8,2051.375,2150.3,2026.725,1971.95,1920.85,1782.2,2167.05,1933.35,1960.65,2061.725,1836.15,1967.45
2012,,1715.375,2179.4,2034.475,1768.525,1923.45,2163.15,1911.325,,1949.575,1951.55,2247.45,1963.925,1970.125,2215.1,2249.675,2127.025,,2026.4,2033.825,,2129.5,1817.025,2219.825,2280.725,2128.675,2036.5,,1889.6,2040.875,2057.775,1945.95,2156.875,,1951.3,1995.125,2035.025,1914.875,2141.325,2242.5,2014.125,1867.275,2197.075,2162.8,2046.075,1936.0,,2022.25,2001.875,2077.025,2017.375,2014.775,2198.85,1872.8,1970.05,1972.225,1718.825,2146.85,1992.45,2103.7,2026.425,1792.85,2130.65,1882.725,1858.95,2238.275,1931.975,1930.25,1788.05,1712.95,1839.8,2139.4,2112.225,2118.65,1706.1,1923.9,2225.075,2201.2,2097.525,2008.975,2278.5,2079.525,1741.725,1919.7,1858.15,2086.175,1802.775,1703.925,2055.0,1981.4,2074.175,1984.1,2158.65,1927.875,2134.85,2171.95,2165.2,1819.275,2258.05,1970.15,2012.05,1870.0,1988.2,1869.575,1994.45,2260.5,1941.025,1990.825,2103.85,1965.0,2083.3,1862.1,,2261.025,,2067.05,1763.825,2141.125,1894.225,2135.65,1916.725,1977.575,1991.575,2025.5,1876.9,1948.875,1805.575,2071.475,2154.325,,2200.45,2028.25,2299.875,2249.05,2176.525,2031.725,2009.625,1922.6,2020.2,1935.375,2138.45,2234.925,2109.375,1967.75,2091.4,2229.775,2286.85,2051.425,2201.65,2202.2,1919.05,2141.8,2095.475,2484.975,1956.7,2209.4,2390.375,1959.225,2087.45,1773.85,2140.725,,1888.975,2189.6,2223.25,2255.875,2194.1,2163.4,2474.0,1941.35,1972.1,2303.325,2104.975,2070.975,1769.75,1995.45,2218.4,2110.6,2230.3,2118.325,2266.1,1946.9,1999.875,2248.55,1941.425,1823.225,1835.4,1966.95,,2319.825,1892.575,2000.875,1875.225,1775.7,1937.15,1886.1,,1749.15,2059.5,1863.325,2314.1,,1154.725,1886.775,2071.2,1822.575,2137.1,2333.15,,2271.45,1917.925,1911.0,2215.85,2467.575,1838.45,2120.05,2017.7,2015.325,1785.775,1945.375,1966.825,2073.15,2074.45,2187.625,2216.1,2257.725,,2093.525,2137.7,2205.65,2133.675,2085.925,2303.05,1770.675,1987.925,2040.6,1766.275,2090.45,2056.85,2046.025,2052.625,1723.875,1797.7,2103.325,2130.1,2125.95,1989.925,2152.725,1974.075,2074.925,2222.425,2211.25,2124.0,2037.15,2132.9,1984.125,2221.375,1799.35,1802.525,1958.125,2087.45,2171.55,2018.65,1848.775,1891.9,1948.65,2055.825,1723.925,1889.6,1882.7,2145.425,1706.8,2053.5,1832.125,1862.875,1929.4,1807.975,1927.85,2042.3,1859.025,1890.9,2038.3,2115.35,1857.275,2152.975,2228.625,1960.275,1940.725,2038.8,2170.125,2059.65,1865.5,2173.25,1993.025,2060.825,2153.15,2052.65,2011.45,2064.2,2216.1,1961.175,1935.575,2032.6,1937.675,2118.65,2020.05,1854.525,1879.7,2054.825,1864.425,2206.175,1941.6,1988.05,2033.15,1853.875,1918.225,2073.175,2128.875,1806.6,2091.275,2112.55,2249.825,2073.875,2250.075,1970.9,2242.5,2077.975,1886.45,1945.95,1902.4,2033.15,,2228.525,2033.2,2256.85,2170.05,2189.65,1907.05,2088.825,2220.775,2239.85,1818.575,2266.3,2203.4,,,2130.325,2061.2,2214.3,1943.375,1894.175,2136.725,1839.225,2086.925,2100.55,1968.15,1922.325,1967.45,1880.9,1948.95,1775.65,2274.275,1736.825,1886.375
2013,,1807.925,2084.9,2011.575,1956.625,2101.3,2144.175,2177.725,,1805.525,2017.875,2160.475,2255.6,2143.3,2082.25,2280.85,2043.125,,2036.5,2170.55,,2059.275,1912.225,2111.425,2046.2,2151.85,1907.525,,1927.35,2134.175,1919.575,1942.2,2127.9,,1760.7,2012.575,2000.925,2094.975,2143.95,2202.2,1967.9,1762.825,2058.625,2065.5,2075.075,2073.875,,2150.25,1902.4,2200.55,2041.775,1922.375,2160.975,1825.925,1931.225,1893.925,1703.85,2123.25,2140.85,2138.975,1999.15,1597.375,2013.925,2155.6,2001.3,2221.875,1763.475,2094.55,2053.2,1703.85,1731.975,2073.075,2071.5,2229.75,1948.075,1789.9,2305.475,2095.225,2136.025,1949.5,2194.075,2097.625,1887.0,2026.25,1894.675,2148.8,1845.875,1654.75,2012.175,2057.7,2024.7,2154.675,2127.725,2081.5,2243.375,2068.25,2038.325,2223.375,2179.1,2135.725,1740.5,1860.1,2045.825,1956.525,1950.65,2088.675,1961.55,2036.375,1934.975,2062.85,2080.05,1848.3,,2161.225,,1937.95,1746.425,2096.55,1881.725,2026.65,1878.2,2146.075,1963.425,1807.975,1846.45,1765.3,1992.7,2163.9,2292.05,,2248.225,2061.175,2378.375,2230.35,2361.0,2052.275,2006.875,2036.325,2110.675,1660.725,2213.075,2332.65,2093.925,1967.675,2143.675,2165.175,2027.525,2180.225,2217.025,1933.475,2130.625,2093.1,2012.625,2332.625,2246.075,2191.525,2304.375,2117.9,2070.2,1906.9,2174.575,,1994.4,2009.1,2121.075,1999.55,2147.6,2296.525,2270.575,1894.825,1829.55,2392.625,2030.9,2134.375,1960.5,2065.65,2054.1,2033.375,2427.775,2203.325,2267.375,2019.675,1911.3,2206.6,1880.725,1889.45,2198.525,2190.8,,1990.425,2177.525,2182.4,1971.775,1911.85,1894.925,1818.65,1627.725,1815.375,2276.4,1789.3,2343.3,,2049.85,2045.025,2016.925,1812.825,2224.0,2162.8,1603.175,2238.575,2053.7,1759.825,2207.9,2370.225,2035.275,2056.7,2042.575,2099.675,2250.125,1977.2,1975.525,1980.075,2169.95,2060.15,2261.7,2092.175,,2086.625,2185.4,1985.725,2058.95,2375.6,2190.65,2033.475,2096.55,2019.525,1894.675,1933.975,1966.25,1699.95,2125.5,1814.825,1641.8,2066.225,2107.95,2132.225,2001.2,1872.925,1842.625,2098.1,2112.55,2208.45,2001.5,1863.35,2008.825,1901.325,2011.7,2023.25,1933.875,2062.525,1992.45,1927.275,1907.4,1876.475,2032.425,1983.925,2070.575,1924.25,2152.625,2055.975,2153.075,1673.3,2071.625,1982.2,1948.4,2154.75,1869.625,1911.875,2139.9,1899.05,2015.15,1970.325,2030.725,1894.5,2122.75,1969.95,2149.1,2065.35,1945.675,2210.8,2065.05,1924.15,2305.725,1762.725,1920.4,2164.85,2049.725,2070.2,1780.525,2174.9,2083.8,2370.375,2117.8,1974.4,1881.05,2011.7,2096.05,2067.725,2125.575,1891.575,2057.975,2282.275,2097.225,2195.4,1790.375,1942.525,2399.05,2284.625,1834.65,2056.575,2018.575,2073.7,1930.6,2278.175,2175.05,2134.2,2083.675,1968.225,1890.825,1852.475,2004.35,,2353.35,2092.3,2045.075,1984.075,2186.125,1954.825,2198.85,2028.825,2058.275,1621.775,2290.325,2023.625,,,2161.825,2145.65,2200.0,2014.8,1972.125,2110.15,2046.475,1994.275,2208.225,1892.3,1731.275,2124.775,1957.125,2037.3,1815.175,1983.625,1871.625,1992.675
2014,1416.45,1841.225,2194.325,2016.275,1880.475,1922.025,2044.825,1829.55,,1950.85,1749.425,2224.825,2247.875,2120.625,1971.125,2346.75,2134.375,,2066.475,2026.825,,2034.25,1920.775,2136.55,2227.875,1890.95,1990.65,,2131.4,1996.725,2280.2,2065.375,2040.5,,1882.85,2110.95,1913.95,1911.075,1977.95,2470.875,1918.85,1824.9,2150.9,1807.875,2220.6,1987.45,,2049.75,1884.525,2178.025,2036.6,2129.825,2102.0,1921.5,1956.05,1963.975,2070.35,1959.35,1917.9,2314.775,1958.85,1902.325,2257.425,2108.0,1772.475,2159.6,2053.15,2074.0,2334.95,1800.8,1654.975,2120.725,2184.875,2413.55,1714.675,1805.95,2254.875,2076.375,1952.075,1978.775,2224.75,2047.6,1868.325,2084.025,2102.25,2026.625,1914.55,2003.125,1960.825,2301.6,2083.075,1945.375,2146.325,1969.125,2201.1,2156.75,2151.125,1894.95,2112.35,2151.525,2089.2,1754.3,2194.6,2070.225,2078.325,2121.15,2023.725,2097.9,2065.5,2147.8,2197.4,1870.35,1760.375,2192.275,,2102.325,1897.725,2012.65,1822.9,2171.15,2053.8,2219.25,2048.975,2107.425,2244.55,1754.625,1925.2,2069.8,2052.125,1070.15,2212.175,2042.625,2274.9,2275.6,2413.275,2073.875,1921.725,2111.15,1954.3,1835.75,2026.175,2276.75,2125.4,1982.575,2066.75,2296.025,2052.275,1987.475,2084.35,2127.45,1887.7,2078.025,2013.825,1996.825,1943.025,2381.05,2346.075,2169.525,1922.3,1985.0,2271.1,1748.65,2084.225,2301.475,2127.725,2187.85,2140.575,2192.45,2308.3,2000.45,1876.875,2210.5,2127.625,1945.65,2017.125,2096.55,2263.475,2096.05,2313.975,2276.075,2204.525,2059.35,2028.975,2253.1,1756.275,1905.5,2218.375,2185.3,,2122.65,2274.75,2037.175,1852.3,1858.375,1795.875,2003.55,1951.85,1841.5,2110.975,2026.875,2221.275,,1998.9,2021.6,2150.65,1841.025,2199.8,2292.425,1746.15,2431.35,1894.225,1725.65,1970.725,2256.375,2122.075,2062.025,2099.275,2086.25,1983.625,1972.85,2088.0,2256.775,2084.225,2159.9,2216.125,2219.975,,2324.025,2335.95,2132.675,2044.325,2283.075,2133.275,1955.65,1957.45,2159.0,1998.925,2169.125,2130.475,1946.9,2317.275,1991.2,1779.925,2284.3,2222.7,2219.05,2064.875,2091.975,1832.7,2165.425,2149.35,2274.275,2209.325,1891.075,1875.6,2031.375,2150.375,2092.6,2047.7,1895.775,1976.1,2015.675,1922.125,1793.85,2038.375,1962.575,2090.0,1864.85,2159.475,1919.275,2284.475,2019.2,2194.425,2134.5,1892.275,2273.925,1795.7,2142.975,2012.45,1972.25,1809.075,2250.925,2100.075,1958.825,2181.95,2180.45,2106.3,2036.825,1994.15,2217.0,2001.675,2132.35,1947.65,1910.35,1994.65,2156.75,2022.85,1923.25,2120.1,2303.975,2090.175,1835.35,2042.4,2045.125,2214.675,2082.025,1923.825,2053.625,2289.65,2096.375,2199.175,2027.625,1972.725,2089.5,1972.275,1984.6,2414.45,2246.625,1710.675,2012.375,2052.575,2054.7,1955.75,2209.95,2211.175,2145.575,1846.35,1997.675,1972.4,1846.275,2022.725,,2422.525,2006.4,2002.3,1922.85,2206.375,2071.1,1996.525,2062.2,2135.8,1698.4,2077.825,2090.6,,,2100.825,2237.3,2214.775,1911.525,1824.0,2223.25,1827.9,2251.85,2132.925,2015.275,2036.725,2125.375,1823.975,2103.2,1834.175,2181.1,1753.35,2037.675
2015,1822.1,1778.525,2200.975,1964.85,1805.3,1876.25,1970.85,2027.725,,1917.675,1930.95,2277.1,2139.1,2028.35,2076.175,2404.6,1888.9,,2022.825,2319.325,,1908.075,1882.25,2016.625,2098.175,1819.25,1903.175,,1978.775,2078.8,1863.325,1916.75,1982.65,,1953.325,1995.125,2075.075,2203.55,2093.475,2267.275,1826.45,1606.35,2201.625,1823.125,1923.925,2070.8,,1986.15,1810.175,2204.6,1997.5,1847.925,1923.825,1633.775,1966.175,1875.125,1871.05,2051.35,1969.925,2121.8,2087.65,1625.475,2103.575,2200.85,1866.35,2115.625,1848.175,1933.9,2045.45,1835.75,1764.975,2029.8,2134.975,1997.45,2270.25,1773.0,2146.625,2133.55,1775.825,1808.025,2218.425,2023.425,1825.45,1832.925,2021.175,2134.825,1928.05,1739.8,2137.65,1926.375,1966.15,1910.425,1963.125,1742.775,1892.65,2089.925,1907.75,2054.775,2180.7,2001.725,1944.85,1967.65,2110.475,1814.75,2053.9,1971.4,2032.775,2125.35,2094.825,2012.625,2159.25,1798.525,1847.3,2287.825,,1858.225,1674.65,2299.625,1845.975,2298.125,1868.675,2063.025,1640.925,1864.75,1942.5,1794.9,2086.125,2100.0,2059.625,1709.15,2216.075,2014.7,2388.525,2081.95,2312.8,1747.125,2041.025,2089.075,1904.85,1882.75,2067.65,2275.4,2024.975,1999.3,1955.475,2191.975,2153.175,2013.6,1757.625,1926.425,1869.85,1939.475,2060.875,2093.875,2184.45,2180.8,2127.425,1892.75,1910.375,1790.825,2281.575,1824.85,2006.95,2211.85,2123.325,2084.45,2117.175,2161.175,2197.125,1787.225,2092.3,2113.575,1938.75,2099.825,2066.95,1921.525,2210.85,2187.1,2148.275,1988.325,1970.05,2018.625,1797.1,2141.65,1969.05,1923.375,2128.55,2050.175,,2290.4,1941.475,2152.925,2018.975,1831.95,1873.25,1863.05,1817.825,1896.05,1875.15,1772.35,2142.0,,2074.725,2016.825,1848.425,1895.3,1943.85,1962.325,1791.175,1973.3,1799.2,1665.85,2067.425,2442.175,1938.7,2101.0,1940.75,2181.25,2098.85,1932.05,1969.225,2005.475,2203.925,2036.9,2028.225,2186.45,,2191.35,1943.5,1904.775,1974.85,2269.8,1879.425,1744.975,1777.175,2274.5,1907.575,1972.6,1963.2,1804.375,2219.2,1741.275,1886.925,2183.525,2157.6,2043.575,1911.6,1971.825,1875.175,2004.675,2095.875,2220.75,2075.8,2022.275,2068.25,1966.225,2196.725,1942.825,2083.925,1914.1,2008.225,2053.65,1787.45,1901.975,1851.75,1907.975,1930.2,2138.85,1867.725,1805.975,2071.925,2048.75,2088.3,2027.7,2151.325,2083.75,2083.85,2013.675,1704.025,2146.2,1907.8,2034.275,2178.425,1911.375,2105.525,2011.175,1985.175,1833.2,2125.05,2128.85,1857.95,2030.775,2056.575,1916.15,2142.5,2160.65,1972.825,1857.425,1884.05,2095.575,2010.075,1794.05,2033.025,1760.45,2227.525,1923.95,1791.575,1949.85,2000.775,1791.4,2237.775,2231.95,1848.025,2007.5,1905.9,1900.05,2241.225,2137.75,1836.325,1941.75,1927.95,2012.375,2064.425,2086.475,2227.0,2101.425,1861.025,1945.425,1906.45,1732.175,2093.9,,2371.65,1902.475,1975.45,1909.35,2237.425,1887.325,2136.925,2166.85,2034.925,1757.925,2047.025,2032.925,,,1996.0,2223.375,2060.125,2123.775,1811.225,2226.675,1934.425,1832.6,1905.2,1942.175,1973.775,2031.175,2000.875,1886.6,1900.15,2292.475,1888.575,1978.175
2016,1900.15,2107.2,2278.625,2132.425,1842.8,2037.8,2110.1,1888.45,,1954.3,2194.55,2355.825,2248.75,1989.7,2164.675,2327.25,2142.25,,2301.3,2261.2,,2355.225,2070.65,2173.55,2199.95,2078.875,2022.125,,2130.225,2153.475,2188.15,2218.35,2109.225,,1942.8,2059.125,2106.25,2408.075,2186.95,2361.35,1960.95,1932.0,2278.475,1890.0,2323.75,2068.775,,2021.45,1871.025,2414.075,2169.25,2038.625,2164.55,2350.25,1989.7,1986.375,1761.0,1968.85,1932.9,2290.95,2287.575,1945.8,2283.825,2137.0,1974.675,2307.1,1986.65,1963.375,2036.325,2020.95,1864.275,2209.825,2225.625,2037.65,2014.025,1948.95,2136.85,2183.9,1995.225,1972.275,2275.525,2294.7,1948.275,2194.4,2097.7,2093.4,2186.725,1919.625,2151.025,2251.975,2288.475,2251.825,2355.275,2141.8,2069.775,2317.925,1944.95,2038.1,2304.75,2011.35,2291.025,2045.725,2240.65,2041.225,2113.625,2181.825,2302.825,2199.125,1850.95,2233.975,2202.775,1908.2,2034.775,2190.5,,2288.45,1894.5,2142.875,1888.15,2283.75,2165.675,2098.65,2070.225,2175.525,2089.05,2075.75,2064.175,2400.65,2106.475,1740.025,2208.875,2195.475,2329.025,2160.525,2328.45,2188.8,2180.9,2229.3,2046.375,1928.725,2136.725,2324.3,2261.425,2038.875,2118.5,2350.8,2009.3,2154.375,1901.025,2075.35,1859.325,2333.125,2264.075,2290.35,2105.2,2217.4,2054.65,2071.55,2073.55,2045.25,2430.625,2090.125,2374.15,2175.275,2103.75,2425.5,2572.6,2141.25,2329.6,1867.95,2130.175,2518.725,2073.4,2132.275,2097.8,2182.125,2290.775,2152.225,2262.5,2180.35,2136.75,1896.475,2152.275,2536.75,1966.425,2114.175,1930.875,2086.175,,2546.575,2319.675,2164.0,1886.475,2025.75,2051.775,2015.5,1955.425,2109.6,2170.05,1950.65,2270.05,,2227.875,2299.425,2203.75,1989.325,2304.725,2107.9,1991.2,2180.55,2217.6,2140.125,2145.15,2393.8,2104.325,2158.075,2126.075,2177.425,2032.55,2113.775,2100.875,1803.625,2106.625,2409.3,2185.275,2261.1,,2311.675,2098.425,2218.1,2049.5,2301.175,2053.975,1794.825,1857.65,2147.975,2070.95,2068.85,2249.375,2114.125,2138.6,1914.375,1887.725,2341.4,2314.425,2124.4,1986.125,2103.45,2148.75,2225.25,2199.425,2229.325,2235.0,2106.3,2127.95,2258.05,2179.2,2006.6,2174.825,1925.125,2127.7,2086.575,1973.3,2054.925,2043.2,1960.3,1918.8,2183.775,1943.625,1879.875,2339.4,1929.7,2375.0,1983.675,2221.525,2234.175,2185.675,2215.4,1784.275,2153.975,1959.45,2090.5,2088.8,1961.2,2267.125,2407.575,2233.825,1949.3,2010.175,1967.625,2224.475,2035.675,2112.5,2097.325,2298.825,2148.025,2410.6,1952.225,1974.7,2162.625,2336.35,1889.4,2095.35,2099.25,2165.95,1999.85,2027.95,2363.05,2158.175,1850.85,2178.35,2169.375,1916.925,2177.05,2121.825,2065.425,2317.05,2065.45,2121.175,2298.825,2214.725,1995.05,2145.475,2338.05,2431.175,2356.95,2196.775,2257.05,1971.1,2034.85,2350.575,,2384.8,2089.35,2225.625,2266.075,2306.0,2025.25,2325.6,1867.675,2123.5,1644.175,2238.3,2104.65,,,2104.05,2250.45,2527.875,2156.325,2160.55,2411.775,2569.6,2143.5,2070.325,1999.225,2111.15,2076.4,2011.55,2240.8,2012.35,2336.225,1817.5,2260.425
