,1101,1102,1103,1104,1105,1106,1107,1108,1109,1110,1111,1112,1113,1114,1115,1116,1117,1118,1119,1120,1121,1122,1123,1124,1125,1126,1127,1128,1129,1130,1131,1132,1133,1134,1135,1136,1137,1138,1139,1140,1141,1142,1143,1144,1145,1146,1147,1148,1149,1150,1151,1152,1153,1154,1155,1156,1157,1158,1159,1160,1161,1162,1163,1164,1165,1166,1167,1168,1169,1170,1171,1172,1173,1174,1175,1176,1177,1178,1179,1180,1181,1182,1183,1184,1185,1186,1187,1188,1189,1190,1191,1192,1193,1194,1195,1196,1197,1198,1199,1200,1201,1202,1203,1204,1205,1206,1207,1208,1209,1210,1211,1212,1213,1214,1215,1216,1217,1218,1219,1220,1221,1222,1223,1224,1225,1226,1227,1228,1229,1230,1231,1232,1233,1234,1235,1236,1237,1238,1239,1240,1241,1242,1243,1244,1245,1246,1247,1248,1249,1250,1251,1252,1253,1254,1255,1256,1257,1258,1259,1260,1261,1262,1263,1264,1265,1266,1267,1268,1269,1270,1271,1272,1273,1274,1275,1276,1277,1278,1279,1280,1281,1282,1283,1284,1285,1286,1287,1288,1289,1290,1291,1292,1293,1294,1295,1296,1297,1298,1299,1300,1301,1302,1303,1304,1305,1306,1307,1308,1309,1310,1311,1312,1313,1314,1315,1316,1317,1318,1319,1320,1321,1322,1323,1324,1325,1326,1327,1328,1329,1330,1331,1332,1333,1334,1335,1336,1337,1338,1339,1340,1341,1342,1343,1344,1345,1346,1347,1348,1349,1350,1351,1352,1353,1354,1355,1356,1357,1358,1359,1360,1361,1362,1363,1364,1365,1366,1367,1368,1369,1370,1371,1372,1373,1374,1375,1376,1377,1378,1379,1380,1381,1382,1383,1384,1385,1386,1387,1388,1389,1390,1391,1392,1393,1394,1395,1396,1397,1398,1399,1400,1401,1402,1403,1404,1405,1406,1407,1408,1409,1410,1411,1412,1413,1414,1415,1416,1417,1418,1419,1420,1421,1422,1423,1424,1425,1426,1427,1428,1429,1430,1431,1432,1433,1434,1435,1436,1437,1438,1439,1440,1441,1442,1443,1444,1445,1446,1447,1448,1449,1450,1451,1452,1453,1454,1455,1456,1457,1458,1459,1460,1461,1462,1463,1464
1985,,,,,,,,,,,,,,,,,,,,,,,,,,,,,,,,,,,,,,,,,,,,,,,,,,,,,,,,,,,,,,,,,,,,,,,,,,,,,,,,,,,,,,,,,,,,,,,,,,,,,,,,,,,,,,,,,,,,,,,,,,,,,,,,,,,,,,,,,,,,,,,,,,,,,,,,,,,,,,,,,,,,,,,,,,,,,,,,,,,,,,,,,,,,,,,,,,,,,,,,,,,,,,,,,,,,,,,,,,,,,,,,,,,,,,,,,,,,,,,,,,,,,,,,,,,,,,,,,,,,,,,,,,,,,,,,,,,,,,,,,,,,,,,,,,,,,,,,,,,,,,,,,,,,,,,,,,,,,,,,,,,,,,,,,,,,,,,,,,,,,,,,,,,,,,,,,,,,,,,,,,,,
1986,,,,,,,,,,,,,,,,,,,,,,,,,,,,,,,,,,,,,,,,,,,,,,,,,,,,,,,,,,,,,,,,,,,,,,,,,,,,,,,,,,,,,,,,,,,,,,,,,,,,,,,,,,,,,,,,,,,,,,,,,,,,,,,,,,,,,,,,,,,,,,,,,,,,,,,,,,,,,,,,,,,,,,,,,,,,,,,,,,,,,,,,,,,,,,,,,,,,,,,,,,,,,,,,,,,,,,,,,,,,,,,,,,,,,,,,,,,,,,,,,,,,,,,,,,,,,,,,,,,,,,,,,,,,,,,,,,,,,,,,,,,,,,,,,,,,,,,,,,,,,,,,,,,,,,,,,,,,,,,,,,,,,,,,,,,,,,,,,,,,,,,,,,,,,,,,,,,,,,,,,,,,
1987,,,,,,,,,,,,,,,,,,,,,,,,,,,,,,,,,,,,,,,,,,,,,,,,,,,,,,,,,,,,,,,,,,,,,,,,,,,,,,,,,,,,,,,,,,,,,,,,,,,,,,,,,,,,,,,,,,,,,,,,,,,,,,,,,,,,,,,,,,,,,,,,,,,,,,,,,,,,,,,,,,,,,,,,,,,,,,,,,,,,,,,,,,,,,,,,,,,,,,,,,,,,,,,,,,,,,,,,,,,,,,,,,,,,,,,,,,,,,,,,,,,,,,,,,,,,,,,,,,,,,,,,,,,,,,,,,,,,,,,,,,,,,,,,,,,,,,,,,,,,,,,,,,,,,,,,,,,,,,,,,,,,,,,,,,,,,,,,,,,,,,,,,,,,,,,,,,,,,,,,,,,,
1988,,,,,,,,,,,,,,,,,,,,,,,,,,,,,,,,,,,,,,,,,,,,,,,,,,,,,,,,,,,,,,,,,,,,,,,,,,,,,,,,,,,,,,,,,,,,,,,,,,,,,,,,,,,,,,,,,,,,,,,,,,,,,,,,,,,,,,,,,,,,,,,,,,,,,,,,,,,,,,,,,,,,,,,,,,,,,,,,,,,,,,,,,,,,,,,,,,,,,,,,,,,,,,,,,,,,,,,,,,,,,,,,,,,,,,,,,,,,,,,,,,,,,,,,,,,,,,,,,,,,,,,,,,,,,,,,,,,,,,,,,,,,,,,,,,,,,,,,,,,,,,,,,,,,,,,,,,,,,,,,,,,,,,,,,,,,,,,,,,,,,,,,,,,,,,,,,,,,,,,,,,,,
1989,,,,,,,,,,,,,,,,,,,,,,,,,,,,,,,,,,,,,,,,,,,,,,,,,,,,,,,,,,,,,,,,,,,,,,,,,,,,,,,,,,,,,,,,,,,,,,,,,,,,,,,,,,,,,,,,,,,,,,,,,,,,,,,,,,,,,,,,,,,,,,,,,,,,,,,,,,,,,,,,,,,,,,,,,,,,,,,,,,,,,,,,,,,,,,,,,,,,,,,,,,,,,,,,,,,,,,,,,,,,,,,,,,,,,,,,,,,,,,,,,,,,,,,,,,,,,,,,,,,,,,,,,,,,,,,,,,,,,,,,,,,,,,,,,,,,,,,,,,,,,,,,,,,,,,,,,,,,,,,,,,,,,,,,,,,,,,,,,,,,,,,,,,,,,,,,,,,,,,,,,,,,
1990,,,,,,,,,,,,,,,,,,,,,,,,,,,,,,,,,,,,,,,,,,,,,,,,,,,,,,,,,,,,,,,,,,,,,,,,,,,,,,,,,,,,,,,,,,,,,,,,,,,,,,,,,,,,,,,,,,,,,,,,,,,,,,,,,,,,,,,,,,,,,,,,,,,,,,,,,,,,,,,,,,,,,,,,,,,,,,,,,,,,,,,,,,,,,,,,,,,,,,,,,,,,,,,,,,,,,,,,,,,,,,,,,,,,,,,,,,,,,,,,,,,,,,,,,,,,,,,,,,,,,,,,,,,,,,,,,,,,,,,,,,,,,,,,,,,,,,,,,,,,,,,,,,,,,,,,,,,,,,,,,,,,,,,,,,,,,,,,,,,,,,,,,,,,,,,,,,,,,,,,,,,,
1991,,,,,,,,,,,,,,,,,,,,,,,,,,,,,,,,,,,,,,,,,,,,,,,,,,,,,,,,,,,,,,,,,,,,,,,,,,,,,,,,,,,,,,,,,,,,,,,,,,,,,,,,,,,,,,,,,,,,,,,,,,,,,,,,,,,,,,,,,,,,,,,,,,,,,,,,,,,,,,,,,,,,,,,,,,,,,,,,,,,,,,,,,,,,,,,,,,,,,,,,,,,,,,,,,,,,,,,,,,,,,,,,,,,,,,,,,,,,,,,,,,,,,,,,,,,,,,,,,,,,,,,,,,,,,,,,,,,,,,,,,,,,,,,,,,,,,,,,,,,,,,,,,,,,,,,,,,,,,,,,,,,,,,,,,,,,,,,,,,,,,,,,,,,,,,,,,,,,,,,,,,,,
1992,,,,,,,,,,,,,,,,,,,,,,,,,,,,,,,,,,,,,,,,,,,,,,,,,,,,,,,,,,,,,,,,,,,,,,,,,,,,,,,,,,,,,,,,,,,,,,,,,,,,,,,,,,,,,,,,,,,,,,,,,,,,,,,,,,,,,,,,,,,,,,,,,,,,,,,,,,,,,,,,,,,,,,,,,,,,,,,,,,,,,,,,,,,,,,,,,,,,,,,,,,,,,,,,,,,,,,,,,,,,,,,,,,,,,,,,,,,,,,,,,,,,,,,,,,,,,,,,,,,,,,,,,,,,,,,,,,,,,,,,,,,,,,,,,,,,,,,,,,,,,,,,,,,,,,,,,,,,,,,,,,,,,,,,,,,,,,,,,,,,,,,,,,,,,,,,,,,,,,,,,,,,
1993,,,,,,,,,,,,,,,,,,,,,,,,,,,,,,,,,,,,,,,,,,,,,,,,,,,,,,,,,,,,,,,,,,,,,,,,,,,,,,,,,,,,,,,,,,,,,,,,,,,,,,,,,,,,,,,,,,,,,,,,,,,,,,,,,,,,,,,,,,,,,,,,,,,,,,,,,,,,,,,,,,,,,,,,,,,,,,,,,,,,,,,,,,,,,,,,,,,,,,,,,,,,,,,,,,,,,,,,,,,,,,,,,,,,,,,,,,,,,,,,,,,,,,,,,,,,,,,,,,,,,,,,,,,,,,,,,,,,,,,,,,,,,,,,,,,,,,,,,,,,,,,,,,,,,,,,,,,,,,,,,,,,,,,,,,,,,,,,,,,,,,,,,,,,,,,,,,,,,,,,,,,,
1994,,,,,,,,,,,,,,,,,,,,,,,,,,,,,,,,,,,,,,,,,,,,,,,,,,,,,,,,,,,,,,,,,,,,,,,,,,,,,,,,,,,,,,,,,,,,,,,,,,,,,,,,,,,,,,,,,,,,,,,,,,,,,,,,,,,,,,,,,,,,,,,,,,,,,,,,,,,,,,,,,,,,,,,,,,,,,,,,,,,,,,,,,,,,,,,,,,,,,,,,,,,,,,,,,,,,,,,,,,,,,,,,,,,,,,,,,,,,,,,,,,,,,,,,,,,,,,,,,,,,,,,,,,,,,,,,,,,,,,,,,,,,,,,,,,,,,,,,,,,,,,,,,,,,,,,,,,,,,,,,,,,,,,,,,,,,,,,,,,,,,,,,,,,,,,,,,,,,,,,,,,,,
1995,,,,,,,,,,,,,,,,,,,,,,,,,,,,,,,,,,,,,,,,,,,,,,,,,,,,,,,,,,,,,,,,,,,,,,,,,,,,,,,,,,,,,,,,,,,,,,,,,,,,,,,,,,,,,,,,,,,,,,,,,,,,,,,,,,,,,,,,,,,,,,,,,,,,,,,,,,,,,,,,,,,,,,,,,,,,,,,,,,,,,,,,,,,,,,,,,,,,,,,,,,,,,,,,,,,,,,,,,,,,,,,,,,,,,,,,,,,,,,,,,,,,,,,,,,,,,,,,,,,,,,,,,,,,,,,,,,,,,,,,,,,,,,,,,,,,,,,,,,,,,,,,,,,,,,,,,,,,,,,,,,,,,,,,,,,,,,,,,,,,,,,,,,,,,,,,,,,,,,,,,,,,
1996,,,,,,,,,,,,,,,,,,,,,,,,,,,,,,,,,,,,,,,,,,,,,,,,,,,,,,,,,,,,,,,,,,,,,,,,,,,,,,,,,,,,,,,,,,,,,,,,,,,,,,,,,,,,,,,,,,,,,,,,,,,,,,,,,,,,,,,,,,,,,,,,,,,,,,,,,,,,,,,,,,,,,,,,,,,,,,,,,,,,,,,,,,,,,,,,,,,,,,,,,,,,,,,,,,,,,,,,,,,,,,,,,,,,,,,,,,,,,,,,,,,,,,,,,,,,,,,,,,,,,,,,,,,,,,,,,,,,,,,,,,,,,,,,,,,,,,,,,,,,,,,,,,,,,,,,,,,,,,,,,,,,,,,,,,,,,,,,,,,,,,,,,,,,,,,,,,,,,,,,,,,,
1997,,,,,,,,,,,,,,,,,,,,,,,,,,,,,,,,,,,,,,,,,,,,,,,,,,,,,,,,,,,,,,,,,,,,,,,,,,,,,,,,,,,,,,,,,,,,,,,,,,,,,,,,,,,,,,,,,,,,,,,,,,,,,,,,,,,,,,,,,,,,,,,,,,,,,,,,,,,,,,,,,,,,,,,,,,,,,,,,,,,,,,,,,,,,,,,,,,,,,,,,,,,,,,,,,,,,,,,,,,,,,,,,,,,,,,,,,,,,,,,,,,,,,,,,,,,,,,,,,,,,,,,,,,,,,,,,,,,,,,,,,,,,,,,,,,,,,,,,,,,,,,,,,,,,,,,,,,,,,,,,,,,,,,,,,,,,,,,,,,,,,,,,,,,,,,,,,,,,,,,,,,,,
1998,,,,,,,,,,,,,,,,,,,,,,,,,,,,,,,,,,,,,,,,,,,,,,,,,,,,,,,,,,,,,,,,,,,,,,,,,,,,,,,,,,,,,,,,,,,,,,,,,,,,,,,,,,,,,,,,,,,,,,,,,,,,,,,,,,,,,,,,,,,,,,,,,,,,,,,,,,,,,,,,,,,,,,,,,,,,,,,,,,,,,,,,,,,,,,,,,,,,,,,,,,,,,,,,,,,,,,,,,,,,,,,,,,,,,,,,,,,,,,,,,,,,,,,,,,,,,,,,,,,,,,,,,,,,,,,,,,,,,,,,,,,,,,,,,,,,,,,,,,,,,,,,,,,,,,,,,,,,,,,,,,,,,,,,,,,,,,,,,,,,,,,,,,,,,,,,,,,,,,,,,,,,
1999,,,,,,,,,,,,,,,,,,,,,,,,,,,,,,,,,,,,,,,,,,,,,,,,,,,,,,,,,,,,,,,,,,,,,,,,,,,,,,,,,,,,,,,,,,,,,,,,,,,,,,,,,,,,,,,,,,,,,,,,,,,,,,,,,,,,,,,,,,,,,,,,,,,,,,,,,,,,,,,,,,,,,,,,,,,,,,,,,,,,,,,,,,,,,,,,,,,,,,,,,,,,,,,,,,,,,,,,,,,,,,,,,,,,,,,,,,,,,,,,,,,,,,,,,,,,,,,,,,,,,,,,,,,,,,,,,,,,,,,,,,,,,,,,,,,,,,,,,,,,,,,,,,,,,,,,,,,,,,,,,,,,,,,,,,,,,,,,,,,,,,,,,,,,,,,,,,,,,,,,,,,,
2000,,,,,,,,,,,,,,,,,,,,,,,,,,,,,,,,,,,,,,,,,,,,,,,,,,,,,,,,,,,,,,,,,,,,,,,,,,,,,,,,,,,,,,,,,,,,,,,,,,,,,,,,,,,,,,,,,,,,,,,,,,,,,,,,,,,,,,,,,,,,,,,,,,,,,,,,,,,,,,,,,,,,,,,,,,,,,,,,,,,,,,,,,,,,,,,,,,,,,,,,,,,,,,,,,,,,,,,,,,,,,,,,,,,,,,,,,,,,,,,,,,,,,,,,,,,,,,,,,,,,,,,,,,,,,,,,,,,,,,,,,,,,,,,,,,,,,,,,,,,,,,,,,,,,,,,,,,,,,,,,,,,,,,,,,,,,,,,,,,,,,,,,,,,,,,,,,,,,,,,,,,,,
2001,,,,,,,,,,,,,,,,,,,,,,,,,,,,,,,,,,,,,,,,,,,,,,,,,,,,,,,,,,,,,,,,,,,,,,,,,,,,,,,,,,,,,,,,,,,,,,,,,,,,,,,,,,,,,,,,,,,,,,,,,,,,,,,,,,,,,,,,,,,,,,,,,,,,,,,,,,,,,,,,,,,,,,,,,,,,,,,,,,,,,,,,,,,,,,,,,,,,,,,,,,,,,,,,,,,,,,,,,,,,,,,,,,,,,,,,,,,,,,,,,,,,,,,,,,,,,,,,,,,,,,,,,,,,,,,,,,,,,,,,,,,,,,,,,,,,,,,,,,,,,,,,,,,,,,,,,,,,,,,,,,,,,,,,,,,,,,,,,,,,,,,,,,,,,,,,,,,,,,,,,,,,
2002,,,,,,,,,,,,,,,,,,,,,,,,,,,,,,,,,,,,,,,,,,,,,,,,,,,,,,,,,,,,,,,,,,,,,,,,,,,,,,,,,,,,,,,,,,,,,,,,,,,,,,,,,,,,,,,,,,,,,,,,,,,,,,,,,,,,,,,,,,,,,,,,,,,,,,,,,,,,,,,,,,,,,,,,,,,,,,,,,,,,,,,,,,,,,,,,,,,,,,,,,,,,,,,,,,,,,,,,,,,,,,,,,,,,,,,,,,,,,,,,,,,,,,,,,,,,,,,,,,,,,,,,,,,,,,,,,,,,,,,,,,,,,,,,,,,,,,,,,,,,,,,,,,,,,,,,,,,,,,,,,,,,,,,,,,,,,,,,,,,,,,,,,,,,,,,,,,,,,,,,,,,,
2003,,1544.525,1916.55,1871.35,2005.8,1899.975,1910.025,2442.225,,1936.6,2083.475,2161.5,2020.0,1940.3,2010.175,1876.3,1746.575,,1577.05,2041.2,,1837.8,2119.4,1901.225,1963.75,2047.15,1840.2,1698.55,1940.875,2070.4,1991.6,1831.225,2057.525,,1984.5,,1776.275,1902.6,1772.0,2033.775,2096.75,2003.9,2056.85,1793.05,1980.55,,1725.825,1827.025,1734.4,1995.825,2020.0,2043.525,1830.425,1662.95,1849.35,2045.15,1749.425,2049.55,1750.2,2238.45,2068.8,1637.2,2211.925,1715.525,1679.275,2291.975,,1804.85,1939.475,1989.45,1613.125,1787.125,1880.975,2046.4,1644.925,2228.1,1839.7,1893.825,1796.85,1997.425,2217.95,2117.225,2024.9,1768.45,1930.25,2035.225,1631.95,,1654.075,2104.25,1882.875,2076.3,2147.0,2026.075,,2110.825,2028.6,1818.4,2034.9,1987.475,1933.8,1863.125,2012.9,1899.275,2063.1,1860.025,2189.925,1902.4,1989.875,2008.2,2162.9,2126.375,,2145.625,,1837.325,1868.5,1980.5,1893.775,2014.625,1887.95,1842.775,,2141.925,1727.15,1941.95,1972.85,2049.175,1911.95,,2110.9,1956.65,2093.325,1921.15,1917.075,2071.95,2204.9,2103.55,1944.875,2055.225,1975.7,2230.9,2023.075,,1970.95,2222.875,2005.3,1772.425,1796.525,1692.125,2040.35,1825.375,1729.05,2109.45,,1728.225,2187.675,2182.675,1874.8,2235.7,2100.6,,1966.55,2082.175,2055.8,1901.975,1928.65,2070.9,1828.975,1862.35,1860.6,2047.4,2019.35,1985.525,1579.2,1998.625,2029.85,2011.7,1845.975,2014.275,2106.425,1937.95,1905.175,1945.425,1920.275,1611.675,1828.0,2041.4,1676.15,1897.7,1835.075,1900.85,1856.15,,,2098.65,,1719.75,1824.625,,2025.65,,,2006.975,2137.525,1977.675,1809.125,1925.95,1859.9,2011.075,1739.25,,1978.2,2276.9,,,1896.125,2102.925,1863.9,1739.55,1802.275,1950.7,2260.3,1878.45,2095.825,2034.175,,1951.05,1980.8,1802.725,1911.575,2420.975,1890.225,1879.375,1730.825,1917.625,2038.825,2043.9,1906.325,1671.025,2062.675,,1589.875,2008.5,1958.15,2028.975,2105.25,2066.35,1911.45,1821.75,1888.675,1734.05,1959.3,2193.65,,2062.45,2030.75,1875.625,1680.925,2035.075,1835.3,1832.675,1774.5,1904.8,1788.225,2029.475,,1697.05,1911.975,,1995.85,1775.675,2088.1,2160.275,1773.375,1903.575,,1946.75,2039.325,1941.0,1722.9,1991.85,2208.4,1984.575,2014.2,1913.525,1772.4,1960.925,2128.0,2122.9,1914.275,1731.225,2109.375,1964.15,2117.8,1915.45,1844.725,1934.575,2050.725,1987.35,2049.3,1883.65,2091.9,1750.975,1988.45,1902.025,2198.35,2046.825,2151.475,1758.575,2119.95,2273.45,,1872.475,1573.8,2129.975,2154.55,2002.5,2033.25,1816.375,2049.325,2000.75,1996.35,2209.175,2275.375,1766.975,1854.05,1866.9,1834.325,,1962.725,,1989.675,2046.375,2062.725,1921.325,2129.3,2072.875,1988.675,1884.625,1702.975,1768.5,2136.65,1941.375,,,2164.05,2036.7,1994.125,1956.85,1947.875,1942.275,1867.975,2134.425,1977.075,1802.075,1935.9,1836.9,1776.8,1807.5,1997.775,2096.225,1788.975,1798.725
2004,,1516.0,1913.8,1953.15,2111.8,1947.15,1834.675,2032.2,,2047.95,2144.65,2215.725,1932.4,1774.275,1899.625,1924.075,1814.35,,1600.3,1897.85,,1821.825,1938.375,1737.975,1909.175,1918.45,1984.1,1652.975,1908.725,2098.55,1816.15,1976.175,2066.3,,1871.05,,1770.625,2050.925,1722.925,1795.275,2108.925,1842.575,1891.725,2059.475,2017.25,,1724.525,1896.3,1671.975,2132.075,1939.9,2027.95,2074.975,1616.925,1949.375,1902.175,1879.8,1996.55,1802.1,1896.9,1976.1,1840.1,2333.825,2056.925,1821.55,1844.35,,1877.8,1991.8,1864.5,1667.975,1855.025,2062.65,2047.4,1741.225,1771.7,1971.55,1867.45,1941.775,1945.225,2258.425,2006.95,1675.925,1914.65,1773.95,1898.5,1797.725,,1977.35,2197.65,1990.95,1892.975,2014.5,1967.375,,2089.15,2187.6,1637.025,2067.275,1934.375,1725.1,1838.425,2046.325,2022.675,1884.025,2164.275,1954.175,1892.525,1867.1,2348.6,2016.475,1946.175,,2128.25,,1855.9,1971.875,1931.55,2034.5,2038.575,1756.075,1758.95,,1895.525,1875.4,2114.9,2036.85,1989.175,1801.45,,1898.7,1737.8,2093.375,1979.725,2014.025,1718.9,2067.725,2058.725,1853.075,1819.675,1874.35,1980.9,1908.775,,1945.6,2064.35,1988.525,1829.425,1930.8,1871.625,2159.425,1833.6,1754.775,1987.275,,1925.25,2057.3,1963.175,1914.375,2094.15,1833.5,,1890.875,1984.575,1892.625,1812.375,2050.5,2257.225,1992.6,1779.175,1899.675,1935.75,2052.15,2019.95,1738.775,1953.325,1893.8,2052.625,1813.7,1977.675,2009.1,2018.75,2178.9,2202.05,1844.525,1736.05,1793.45,1932.0,,1805.175,2003.075,1833.2,2136.95,,,1815.325,,1753.125,2130.15,,1960.75,,,1791.725,2092.05,1965.8,1657.975,1641.425,2082.275,2214.075,1626.65,,1852.55,2141.2,,,1890.05,2070.6,1990.8,1937.7,1781.675,1897.25,1898.7,2023.95,2026.7,1928.825,,1919.1,2002.75,2078.875,1898.075,1917.65,1959.475,1955.85,1798.1,1793.95,2231.6,2003.75,1944.675,1737.075,1878.825,,1545.25,1881.825,1937.75,1961.075,1800.625,2072.2,2202.55,2075.625,2038.625,1850.85,1833.275,1899.95,,1937.125,2023.325,1783.075,1485.4,2084.4,1948.65,2020.725,1728.025,1751.425,2024.5,1966.775,,1761.825,1652.925,,1891.725,1741.0,2105.425,1982.45,1712.225,2243.15,,1769.65,1821.9,1940.725,1670.7,1970.95,2004.4,1835.65,1826.2,1905.875,1919.6,1973.325,2084.0,2026.875,1752.4,1982.9,1917.925,1552.35,1996.375,1767.675,1926.15,1786.425,1778.0,2065.2,1971.575,1526.35,2225.725,1868.675,2162.7,1945.7,2031.7,1878.15,2032.4,1702.375,2034.3,2113.125,,1724.325,1844.8,1925.425,1891.75,1846.575,2048.6,1817.9,1832.8,1968.275,1918.075,2038.8,2103.85,1798.825,2033.725,1892.65,1607.4,,2011.35,,2058.475,2079.675,2052.175,1964.875,2018.05,2098.175,1984.175,1730.375,1745.925,1907.475,1805.05,2084.625,,,1922.35,2077.675,2289.15,1689.65,1748.875,1820.275,1768.3,1975.5,2023.925,1986.15,1691.425,1853.425,1950.55,1759.8,1931.025,2177.825,1733.95,1848.875
2005,,1635.025,1918.75,1984.55,2129.5,1984.675,1854.825,2017.25,,1872.475,1908.2,2371.55,2188.725,1657.85,1820.6,2050.2,1861.025,,1588.1,2166.6,,2116.7,1775.7,1771.825,2099.375,2097.85,1871.475,1785.475,2299.15,1858.45,1763.825,1834.475,1983.075,,1883.35,,1983.95,2235.925,1556.75,1836.75,1822.55,1839.8,2008.25,1895.925,2072.5,,1768.625,1825.425,1796.875,2010.1,1903.225,1858.325,2173.575,1715.15,2257.65,1662.325,1792.025,1994.05,1735.675,2040.725,1759.575,1818.3,2094.75,1923.925,1646.275,2146.325,,1969.4,2113.85,1870.05,1624.675,1742.575,1847.525,2147.15,1972.45,1925.85,1852.725,1756.75,1979.375,1862.15,2132.825,2031.725,1811.7,1822.15,2002.125,1815.575,1798.875,,1928.825,1957.125,1921.3,2196.55,2020.325,2067.475,,2028.2,2052.3,2049.85,2085.375,1912.6,2077.625,1671.375,2062.575,2137.375,1976.1,1983.7,1773.925,1864.8,1906.05,2160.825,1993.575,1725.325,,2080.75,,1872.775,1902.7,1929.05,2077.525,1989.45,1941.4,2141.9,,1971.75,1796.25,1733.05,1733.575,2174.85,1893.625,,1768.475,2038.15,2197.375,2224.0,1977.1,1853.95,1721.15,2268.15,1980.475,1778.45,1879.125,2011.45,1782.95,,1996.225,2046.95,1896.825,1976.8,1911.25,1832.625,1896.075,1779.95,1969.725,1962.625,2236.75,2046.525,2183.05,1966.025,2006.6,1981.35,1991.925,,1913.525,1867.7,1907.2,1852.1,1859.9,2208.575,1846.375,1800.5,2041.375,2323.525,1985.225,1897.725,1746.875,1968.475,1891.75,2097.85,1990.05,2212.875,2099.3,1756.025,2052.3,1857.875,1948.375,1834.075,1597.525,2110.7,,1904.575,1839.2,1977.525,1693.875,1723.95,,1824.5,,1930.125,2320.075,,2121.75,,,1879.5,1965.625,1809.275,2081.1,1962.3,1925.425,2126.6,1791.425,,1810.1,2402.4,,,1908.15,2148.525,1923.025,1992.6,1895.95,2058.9,1789.875,1921.75,2062.6,2153.375,,2093.55,1969.875,2136.65,2162.325,1867.15,2193.5,1877.725,1900.25,1904.95,2145.975,1826.025,1963.325,1861.125,2020.95,,1498.5,2113.875,1830.675,1894.325,1783.575,1739.85,1961.9,1929.4,2001.45,1860.55,1811.85,2091.4,,2053.675,1919.075,1885.7,1513.9,1973.3,1850.15,2042.825,1925.4,1790.425,2158.9,2059.35,,1698.525,1670.45,,1825.05,1512.625,2096.0,1827.025,1631.675,1828.45,,1960.8,1670.125,1929.925,1763.0,1919.025,1971.95,1783.675,1815.7,1886.3,1870.3,2093.55,2085.95,2079.175,1777.4,1900.775,2237.975,1635.325,2203.05,1779.725,2058.85,2015.5,1825.7,2016.3,1729.725,1582.775,2142.8,1731.725,1906.05,1925.75,2062.425,1883.475,2109.125,1640.5,1739.8,2266.95,1818.75,1859.175,1773.675,1827.35,2005.025,2021.325,1618.525,1810.275,1840.775,1984.45,1877.075,1986.325,2132.8,1724.7,1885.5,1816.475,1944.275,1693.45,2171.575,,2098.55,2096.25,2087.3,1982.575,1911.65,2092.3,1946.4,1739.4,1993.6,1721.1,1913.625,2014.35,,,1944.725,2258.275,2320.35,1761.875,1869.0,2007.575,1763.85,1853.075,1888.7,2003.925,1873.825,1909.8,1679.4,1866.75,1963.325,1874.9,1876.85,1698.3
2006,,1588.65,1973.725,1897.675,1747.825,2094.75,2026.15,2009.75,,1916.925,1903.475,2205.4,1901.8,1864.075,1891.825,2157.6,1987.325,,1588.1,1859.275,,2136.825,1674.925,1153.55,2193.25,2087.65,1869.975,1594.775,2022.725,2091.2,1738.15,1914.25,2113.125,,1768.725,,1850.525,2145.6,1899.8,1943.725,1844.25,1772.725,1965.35,2223.725,1971.075,,1797.075,1899.1,1692.9,1998.5,1953.6,2036.25,2120.675,1840.025,2096.0,1808.8,1675.175,1828.6,1774.375,2091.875,2026.375,1704.2,2163.375,2037.525,1727.075,1823.65,,2051.525,1958.725,1989.95,1721.1,1859.15,1912.175,2085.425,1900.325,2079.925,1712.35,1865.375,1943.775,2013.775,2375.2,1836.05,1707.775,1893.475,1863.65,2025.75,1722.175,,1745.0,2178.6,2007.25,2167.575,1907.925,1923.35,,2290.35,2078.325,1874.425,2029.9,2075.575,2025.0,1653.475,2028.15,2007.375,1961.325,1945.025,1794.4,2121.875,1946.575,2003.75,2099.525,1794.25,,2168.4,,1793.9,1867.7,1845.225,1956.475,2051.8,2137.575,1971.375,,1969.175,1801.05,1826.425,1982.475,2001.575,1721.7,,1961.975,1854.7,2170.425,2217.0,2101.375,1721.975,1725.025,2308.1,2078.5,1952.85,1927.125,2172.15,1882.625,1824.75,2176.1,2183.675,1861.05,1791.525,2020.45,1877.325,1834.85,2144.6,2226.55,1871.85,2084.275,2089.125,2009.05,2247.15,2020.025,1857.475,2104.375,,1740.325,1997.95,1970.975,2022.0,1916.275,2249.475,1864.075,1821.525,2097.175,2461.3,2030.775,1985.575,1742.8,1858.325,2160.075,1933.525,1976.15,2085.0,1895.525,1824.525,1946.475,2154.225,1889.225,1880.5,1740.725,2090.4,,1738.925,1993.95,1825.25,1901.325,1818.65,1611.425,1741.975,,1824.975,2036.075,,2053.275,,,2163.55,2090.225,1767.125,1884.825,2019.225,1807.675,2018.15,1891.425,,2078.875,2106.4,,1814.15,1837.8,2037.6,2016.5,1887.025,1666.625,2068.325,1876.975,1877.475,1878.2,2012.65,,1763.075,2181.15,1996.1,2132.175,2080.75,2083.15,1926.725,1814.525,1878.125,1908.425,2088.925,1945.225,1810.975,2014.775,,1436.0,1892.725,1895.3,1963.4,1885.875,1763.375,1790.075,1731.35,1991.3,1860.975,1959.3,1981.225,1973.475,1950.9,1885.05,1918.8,1673.3,2132.0,2035.075,1937.075,2166.6,1830.725,1826.875,1921.225,,1568.15,1650.3,,1948.55,1746.375,1986.825,1892.775,1980.125,1989.15,,1914.9,1779.85,2145.225,1936.625,1864.375,1822.15,1750.25,1741.325,1944.175,1817.6,1889.65,2261.45,1837.95,2144.3,1832.35,2408.575,1770.325,2070.1,1867.675,2051.3,1774.875,2036.2,2212.625,1923.3,1625.45,2214.175,1818.7,2048.425,1939.075,1793.95,1811.25,1834.875,1826.825,2082.075,2056.9,1821.775,1738.975,1978.4,1728.425,2097.15,2032.75,1724.425,1950.45,1802.4,2000.6,2107.925,2054.9,2027.125,1846.6,1922.95,1786.1,1936.075,1727.675,1741.55,,1871.125,2012.775,1873.7,1976.275,1938.825,1942.725,1981.0,1759.875,1784.175,1764.975,2040.45,2007.4,,,1734.05,2295.5,2206.825,1757.95,1650.6,1854.175,1933.725,1930.625,1987.525,1885.875,1876.475,2013.45,1661.8,1699.95,2139.25,2031.0,2029.375,1763.55
2007,,1778.35,2106.625,2091.9,1877.9,1934.65,2051.7,2130.125,,1956.7,2002.3,2101.525,1763.1,1884.5,1980.15,2329.25,2162.125,,1873.75,2231.275,,1979.8,2000.925,2083.075,2122.3,1765.775,1938.875,,2191.525,2082.0,1830.575,1977.475,2152.875,,1822.425,,1904.825,2227.2,1860.0,2209.175,2101.575,1931.275,2188.0,2210.4,2177.1,1741.375,2163.075,2165.05,1780.875,2020.3,2036.9,1870.2,1977.1,1680.4,2134.2,1818.575,1824.15,2252.575,1753.1,1977.05,1946.525,1692.175,2151.55,2137.525,1710.95,2004.55,,2139.175,2144.95,2074.25,1723.675,2262.725,2017.925,1973.0,1795.45,1986.5,1925.375,1878.5,2115.475,1961.65,2143.35,2144.325,1864.225,1887.425,2156.925,1957.125,1754.325,,1841.8,2249.425,1993.05,2058.25,2000.8,2133.325,,2298.725,2143.825,1851.675,2188.8,1957.4,2205.95,1930.2,2078.35,2039.525,1956.95,2021.6,1923.3,2101.125,2072.625,2217.625,2346.35,1700.15,,2242.075,,1981.725,2007.125,2222.975,1997.025,1983.35,2090.6,2339.525,,2091.05,2125.725,1859.4,2074.075,2142.875,1961.8,,1934.85,1893.3,2018.075,2042.95,1969.1,1785.925,1804.55,2381.05,1949.2,1875.175,1931.85,2395.7,2242.975,2062.95,2071.825,2193.1,2046.8,1902.825,2168.55,1875.625,2027.95,1892.475,2201.125,1960.85,2082.25,2051.175,2068.475,2095.45,2061.05,1923.6,2106.7,,1843.1,2030.2,2194.625,2198.075,2200.675,2373.675,2226.05,2066.575,2041.9,2373.225,2096.125,2144.075,1922.8,2075.525,2038.525,2009.8,2187.85,2184.65,2204.5,2017.6,2072.0,1958.525,1973.325,1916.475,1785.925,2105.425,,2174.4,2095.95,1976.65,1792.825,1822.125,1629.65,1960.825,,1834.375,2197.125,,2255.425,,,1877.0,2099.925,1776.075,2136.525,2325.225,2044.575,2315.95,2118.025,1953.75,2042.325,2540.9,,1778.6,2167.45,2054.05,2090.45,1886.475,1669.45,2353.1,2190.25,2070.45,2121.475,2164.325,,1947.3,2332.125,2091.6,2164.875,2237.725,2080.95,2008.2,1985.075,1910.95,2276.9,2174.0,2054.6,2205.75,2001.8,,1521.575,2104.1,2119.175,1992.5,2017.325,2135.125,2037.8,1867.925,2141.45,1866.5,1760.375,2036.1,2008.975,1964.1,2366.375,2022.975,1731.3,2074.025,2059.2,2188.4,2066.375,1882.975,1978.525,1710.075,,1856.15,2139.375,,2008.975,1688.1,2277.2,1836.525,1943.625,1894.4,,2021.475,1823.725,2130.75,1802.6,2009.9,2134.0,1874.225,2024.75,1964.8,2077.45,1980.0,1978.875,2031.05,1966.675,1875.675,2289.2,2096.1,2063.8,2082.55,2388.725,2046.475,2192.15,2375.8,2065.575,2024.85,2218.8,2009.625,2119.975,2099.125,2037.325,1959.9,1966.725,1602.25,2033.025,2075.725,2044.4,2225.7,1988.75,1942.325,1959.975,1979.6,2014.825,1926.375,1917.1,2071.875,1965.175,2246.6,2336.825,1971.95,1750.05,1909.4,2186.8,1735.375,2332.675,,2176.1,1987.775,2082.325,2140.15,2062.1,2047.525,2054.15,2654.375,2009.675,1868.925,2250.05,2137.325,1839.925,,2019.425,2239.75,2274.625,2006.9,1899.325,1935.05,1991.475,2085.7,1901.225,1910.15,1877.725,2158.725,1824.925,2014.2,2190.8,2110.95,1717.475,1897.7
2008,,1651.5,2162.3,2311.15,1830.125,1825.775,1987.625,2084.825,,1967.425,2027.65,2104.775,1952.75,1931.2,1917.475,2314.45,1863.325,,1957.6,2036.125,,2341.25,1878.15,2191.3,2337.925,1765.675,1947.625,,2373.5,2137.575,2035.3,1962.15,2212.325,,1783.825,,2035.125,2138.95,1939.15,2386.425,2029.675,1948.7,2169.75,2083.925,2075.95,1828.425,2118.925,1995.175,1863.075,2310.675,2120.875,1816.475,2034.8,1667.775,2328.35,2064.125,1654.7,2283.375,2135.775,1950.6,1951.65,1784.275,2244.375,2208.55,1803.175,2082.25,1969.6,2280.2,2175.6,1820.325,1813.6,2140.525,1972.525,2078.075,1617.9,1671.175,2073.95,1752.975,1901.375,2146.45,2384.525,2290.075,1777.45,1759.65,1995.05,1840.625,1804.825,,2016.0,2331.85,1835.675,1966.875,1906.0,2343.675,2196.1,2183.375,2062.85,1943.875,2308.15,1809.6,2152.9,1981.3,1702.425,2117.925,2326.1,2116.175,2024.95,2171.85,1916.2,2332.575,2219.1,1705.575,,2062.15,,2358.075,2073.475,2090.625,1735.725,2078.45,1781.75,2218.6,739.475,2131.65,1889.2,1804.875,2107.275,2220.525,2007.075,,2172.3,1931.025,2202.725,1927.9,2054.0,1976.55,1921.9,2479.975,2126.425,1908.725,2121.05,2288.95,2190.875,2114.025,2219.75,2001.825,2222.2,2143.125,1918.125,1920.075,1890.875,2134.125,2053.775,2140.575,1974.8,1992.15,2162.125,2225.4,2235.4,1807.5,2053.825,,2024.275,2142.525,2134.775,2230.525,1820.125,2316.575,2376.675,1798.75,2203.125,2420.225,2204.325,2139.4,1938.3,2062.25,2146.075,2172.85,2222.775,2238.175,2339.5,2039.3,2088.2,2015.225,1795.75,1911.4,1817.75,2035.4,,1966.175,2192.2,2045.7,1943.65,1891.275,1877.325,1994.225,,2281.375,1948.55,1934.85,2064.625,,,2010.55,2143.75,1892.175,2158.25,2490.275,2082.625,2088.975,2090.275,2079.5,2193.675,2627.05,,1966.475,1970.525,1969.1,2040.4,1883.3,1794.675,2271.025,2209.45,2022.05,1998.575,2071.75,,2166.425,2090.9,2066.4,2041.75,2102.575,1987.525,1990.4,2178.85,1986.1,2366.2,2332.6,1973.775,2038.075,2097.25,1638.8,1648.275,2129.45,2134.4,2123.25,1995.475,2310.05,2039.275,1969.2,2330.975,2364.25,2111.575,2341.175,1868.15,1938.35,2262.225,1919.525,1630.05,2185.3,2059.925,2041.65,2193.1,2030.05,1822.5,1844.4,1932.475,1763.1,2235.275,,2325.6,1666.9,2262.8,1979.175,2091.225,2177.75,,2074.65,1933.475,1883.85,1983.225,1996.9,2078.95,1843.475,2005.275,2175.975,1901.45,2078.0,2098.7,2148.025,2153.225,1950.8,2332.675,1971.15,2001.875,2199.35,2340.775,2109.9,2177.125,2163.425,2186.375,2119.45,2096.65,2209.825,1985.5,2069.65,2104.425,2061.325,2265.075,1802.175,2289.0,2220.125,1875.625,2162.45,1892.425,2131.75,2164.975,1923.95,1890.725,2052.75,1933.475,2050.875,2253.25,2109.675,2136.15,2018.675,1718.975,1913.45,2151.725,1803.25,2379.0,,2008.925,2142.375,2424.675,2178.075,2216.2,2167.6,2226.825,2023.125,1964.5,1898.95,2146.325,2115.875,1948.825,,2219.775,2142.6,2225.4,1932.025,1836.9,2222.725,1991.175,1985.9,1951.425,2005.725,1986.95,2058.575,1777.375,1889.075,1969.65,2173.175,1822.525,1913.375
2009,,1726.5,2231.725,2130.9,1727.4,1936.975,2042.25,2141.125,,1908.775,2176.975,2082.0,2026.025,2058.675,2235.275,2181.525,1869.425,,1967.8,2251.175,,2084.85,1931.9,2278.55,2216.1,1884.675,2045.225,,2109.575,2256.525,1983.55,1898.35,2100.025,,1827.175,1819.125,2122.8,2118.0,1877.85,2123.45,2005.125,1854.325,2146.65,2023.9,2147.675,1658.6,2114.775,1953.8,1733.425,2127.475,2304.65,2302.75,2115.425,1908.35,2198.325,2067.425,1871.375,2373.025,1898.1,1938.8,2040.0,1823.525,2145.125,2028.7,1937.85,2245.325,1937.825,2151.2,2095.55,1845.825,1803.775,2274.075,2189.95,2184.675,1830.9,1829.9,2197.275,1874.575,1951.4,1859.575,2375.3,2343.575,1779.0,1751.825,1907.325,1881.65,1796.875,1677.55,1951.325,2350.525,1941.75,2105.375,2113.2,2090.825,2137.025,2281.525,2117.9,2047.15,2320.475,1912.925,2290.775,1833.35,1848.225,2044.625,1939.0,2038.825,1977.7,2258.1,1875.575,2301.875,2075.325,1865.175,,2040.075,,2175.65,1763.475,1968.6,1813.55,2123.375,2105.425,2267.5,2111.625,2095.425,1901.7,1987.85,1976.3,2090.7,2163.975,,1968.15,1998.525,2043.225,1855.6,2104.225,1900.3,1667.625,2330.625,2134.8,1765.15,2245.65,2234.325,2168.35,1809.425,2158.4,2349.275,2139.45,2086.575,1803.025,1970.625,2004.3,2138.575,2081.775,2062.225,2054.725,2047.625,2296.725,2032.975,2174.675,2007.275,2261.675,,1933.375,2012.8,2315.025,2313.45,1926.75,2298.8,2042.75,1797.95,1954.65,2331.675,2226.3,1946.75,1873.425,2044.975,2141.35,2000.75,2136.875,2418.95,2465.125,2082.375,1952.325,2042.825,1741.325,1986.7,2155.925,2176.275,,2220.325,2109.45,2049.575,1878.975,2103.15,2075.6,2012.85,,2162.975,2061.15,2099.2,2013.125,,,1912.7,2152.8,1863.875,2163.025,2267.5,1924.05,2421.825,1739.325,2072.225,2188.925,2358.9,990.25,1907.075,2202.3,1824.35,1603.1,2070.825,1810.7,2125.175,2211.125,2195.65,2099.525,2003.1,,2233.575,2402.825,1955.275,2069.175,2149.4,1743.775,1838.8,1916.725,2053.875,2057.625,2079.525,2047.9,2099.7,2069.925,1889.575,1541.85,2345.8,2256.725,2046.275,2118.325,2284.525,2090.425,2115.25,2169.9,2295.25,2127.95,1883.575,2043.6,1951.775,2159.5,1822.975,1800.95,1896.825,1967.6,1865.675,1876.8,1985.7,2059.3,1630.2,1993.8,1756.625,2062.1,1361.45,2189.825,1775.425,2392.225,1894.225,2097.2,2239.425,877.425,1939.5,1874.675,1982.575,1833.675,2157.2,2058.3,1872.925,2219.7,2150.7,1939.95,1991.6,1939.525,2108.85,1972.775,1908.325,2518.45,2082.325,1940.25,2158.75,2372.725,1976.975,2040.475,2257.675,2113.5,1985.35,2341.925,2040.85,2036.65,2271.725,2133.575,1999.9,2156.775,1536.35,2225.25,2240.6,2226.7,1982.9,1775.65,2030.8,2172.325,1972.725,1978.2,2007.4,2017.875,1919.5,2351.125,2077.075,2160.175,1923.9,2060.55,2101.95,2052.6,1666.25,2268.9,,2211.4,1869.65,2115.525,2221.75,2295.475,1992.925,2200.7,2310.375,2008.525,1677.7,2050.625,2001.85,1923.425,,2031.875,2266.825,2421.275,1905.2,1951.0,2250.575,2031.85,2020.625,2002.2,1856.95,1909.1,1848.15,1848.05,2050.825,2113.05,2154.575,1789.475,1866.55
2010,,1713.125,2244.35,2110.125,1660.675,1900.525,2112.875,2347.375,,2028.225,2081.95,2168.4,1983.85,1873.825,2212.35,2318.45,1958.0,,1833.55,2219.1,,2068.5,1872.3,2105.275,2190.6,1834.375,1858.3,,2232.95,2037.875,2246.45,1858.025,2025.975,,1944.8,1944.85,2061.325,2002.425,2070.85,2333.925,1859.925,2125.05,2268.525,1850.4,2162.275,1704.125,1943.275,1930.825,1746.35,2172.8,2185.975,1928.4,2224.2,1790.95,2177.0,2025.075,2005.4,2221.6,1971.25,2028.475,2006.1,1813.675,2195.625,1787.1,1907.25,2056.0,2006.2,2078.6,2359.175,1914.15,1713.4,1968.175,2171.625,2047.95,1535.8,1927.25,1988.275,2255.5,2079.075,2090.75,2296.6,2164.85,1901.875,1895.925,1984.775,1983.625,1927.775,1796.7,2140.45,2280.875,1923.45,2207.925,2177.65,1946.825,1995.85,2204.7,2050.75,2150.875,2108.275,2031.4,2147.975,1937.3,2079.325,2143.225,1925.125,2059.7,2200.175,2054.475,1962.525,2336.625,2171.1,1885.975,,2178.0,,1953.3,1863.725,1948.025,1997.875,2237.55,2086.45,2384.425,2480.525,2119.6,1984.9,1744.65,1951.125,2243.5,2097.825,,2111.875,1949.95,2059.975,1990.925,2256.225,1978.55,2135.975,1998.225,2127.3,1903.825,2232.3,2389.425,2313.125,2072.15,2110.125,2405.875,2078.7,2176.25,1950.7,2250.55,1908.5,2082.7,2194.8,2150.775,1986.725,2291.075,2203.225,2259.775,1996.3,1804.975,1990.2,,1900.7,2102.275,1910.525,2147.375,2036.4,2129.3,2194.9,1806.25,2105.4,2146.4,2190.7,2142.275,1979.825,1935.325,2148.025,2260.325,2198.875,2335.775,2301.875,1874.95,2093.95,2083.325,1842.675,1750.45,2050.675,2567.425,,2168.775,2089.475,1991.75,2157.5,2029.3,1892.125,2100.275,,2183.875,2126.9,1688.975,2250.175,,,2151.65,2186.15,1881.4,2250.775,2301.625,1828.35,2319.925,1687.125,1929.5,2209.9,2347.325,1863.65,1929.025,2099.675,1994.55,1777.7,1905.45,2083.775,1903.75,2211.975,2249.375,2380.05,2225.6,,2127.85,2216.35,2158.725,2185.75,2178.4,1953.1,1925.375,1835.45,1949.45,1974.6,2036.475,1882.6,2077.3,1783.1,2014.25,1598.5,2302.15,2132.775,2196.95,2075.8,2209.15,2030.475,2260.075,2307.975,2306.675,2120.9,1999.475,1928.075,1939.4,2042.575,1982.85,1604.325,1988.65,2013.325,1915.725,2024.375,1904.5,2014.925,1373.65,1926.025,1850.125,1982.05,2485.2,2254.75,1795.6,2323.125,1830.425,2025.875,2203.225,2017.05,2104.375,1800.45,2041.825,1856.7,2057.375,1915.05,1963.625,2132.625,2209.325,1948.95,2024.05,1999.35,2164.775,1810.475,2011.05,2291.075,1978.05,1976.275,2119.9,2334.925,2229.95,2103.325,2456.375,2072.725,2106.75,2364.925,1909.25,1903.075,2125.05,1962.9,1989.7,2222.3,2273.125,2170.425,2037.25,2075.675,1955.225,1704.875,2048.775,2110.275,1862.025,1974.325,2004.4,2079.125,2096.75,2136.5,2178.175,1915.25,1913.3,1762.425,2068.125,2072.25,1697.525,2275.125,,2104.7,1962.55,2192.45,2316.0,2238.75,1980.1,2175.875,2121.55,2087.875,1678.0,2267.2,2113.525,1702.85,,2094.2,2089.2,2417.125,2038.025,1931.45,2143.65,2016.675,2156.025,2138.825,1926.225,2019.4,1872.7,2163.25,2017.075,2065.075,2296.95,2019.575,1898.975
2011,,1751.3,2306.5,2109.325,1765.275,2131.875,1982.825,2212.975,,1945.0,1979.25,2303.275,1993.85,2149.925,2135.85,2137.425,1952.95,,1971.275,1998.375,,2157.15,1966.85,2018.2,2385.525,1850.7,1930.875,,2156.025,2056.725,2134.425,2139.775,2057.0,,1869.65,1970.625,2203.55,2029.3,2058.875,2374.35,1972.3,1776.15,2159.725,1985.175,2019.05,1880.325,1965.975,2113.15,1897.85,2040.175,2127.6,2170.075,2115.35,1921.375,2092.975,2117.575,1980.7,2293.75,2068.225,2308.475,2020.675,1854.125,2350.95,1905.625,1850.7,2074.575,1972.05,2065.375,2090.55,1698.525,1861.7,2038.35,2332.1,1972.475,1716.425,1775.875,2164.525,2284.35,2029.175,1966.95,2399.425,2076.45,1716.35,1813.7,1888.075,1866.375,1965.925,1786.275,1947.6,2119.95,1920.95,1992.575,2051.775,1882.4,2101.3,2148.35,1921.35,1973.575,2169.45,1898.925,2039.925,1914.625,2007.85,1986.275,1968.875,2086.325,2018.625,2112.8,2013.775,2164.775,2194.5,2304.825,,2113.225,,2016.175,1733.875,1992.325,1984.8,2023.225,1939.075,1903.425,2151.4,1974.725,1963.875,1777.475,1977.975,2128.1,1956.075,,2089.2,2105.325,2336.0,2104.475,2292.325,1960.75,1967.4,2001.575,2015.125,1835.45,2144.675,2398.1,2141.575,2016.775,2243.55,2211.2,2445.0,2124.125,1944.75,2224.35,1947.075,2099.05,2168.025,2414.65,1947.325,2121.425,2354.225,2089.6,1985.875,2046.525,2132.75,,1899.6,1996.375,2186.775,2330.875,2102.975,2371.75,1991.35,1905.825,2059.875,2390.05,2181.625,2192.8,2048.625,1992.15,2127.225,2020.85,2234.825,2096.75,2347.6,1976.9,2054.45,1944.3,1852.55,1906.5,2008.625,2115.85,,2359.525,2102.85,2127.625,1849.35,1931.0,1867.65,2017.3,,2206.075,2045.175,1753.25,2104.65,,,2025.175,2140.125,1817.65,2164.625,2158.6,,2194.35,1506.75,1805.025,2292.125,2396.075,2016.275,2311.5,2132.65,1977.075,1917.775,1849.875,2003.975,2179.7,2086.45,2411.575,2327.025,2194.625,,2032.55,2154.35,1994.5,2292.875,2185.225,2175.675,1799.9,1835.6,1968.55,2167.675,2040.95,2011.275,1986.875,2024.25,1927.35,1941.675,2314.1,2120.375,2118.575,1764.275,2147.325,1950.575,2176.7,2285.075,2120.15,2085.425,1892.725,2006.55,2052.975,1968.3,1814.775,1808.325,1838.575,2057.575,1979.75,2177.725,1913.15,2134.85,1664.4,1965.25,1737.6,2096.85,2311.0,2144.6,1561.85,2145.075,1727.525,1807.0,2081.25,2153.9,2110.7,1914.225,1824.275,1907.05,2027.975,2041.625,2033.6,2128.8,2125.225,1947.1,2066.15,2172.325,2050.2,2033.65,1993.65,2196.625,1856.175,2242.5,2119.25,2234.15,1857.475,2063.525,2323.075,1991.425,2169.75,2269.35,2172.05,2011.675,1979.65,2033.35,1780.275,2154.425,1923.825,2117.05,1940.35,1948.95,2283.375,1931.175,1880.8,2166.6,1891.875,1832.45,2041.8,2066.475,2244.4,1949.675,2159.025,2129.925,1771.45,1991.5,2059.75,2056.85,1835.825,2251.225,,2250.975,2187.6,2268.65,2015.2,2115.2,1923.1,2127.825,2066.625,2232.35,1696.275,2232.175,2117.475,,,2068.1,2261.35,2401.225,2159.025,1838.7,1979.5,2041.1,2156.275,2016.175,1968.3,1922.625,1785.35,2181.15,1935.0,1969.625,2054.975,1823.9,1962.6
2012,,1699.5,2177.2,2032.225,1776.075,1915.925,2173.625,1922.3,,1956.05,1950.1,2219.3,1964.15,1979.75,2175.525,2240.7,2109.5,,2029.7,2038.8,,2145.15,1814.875,2225.15,2293.25,2132.175,2018.55,,1898.175,2022.0,2073.925,1947.225,2152.875,,1950.975,2002.0,2036.675,1920.75,2142.725,2250.425,2002.425,1865.375,2192.825,2161.025,2040.925,1940.725,,2027.825,1985.675,2082.6,2027.875,2012.75,2213.1,1860.175,1984.65,1971.5,1738.6,2159.425,1979.4,2088.2,2026.1,1770.775,2152.625,1885.275,1847.95,2246.2,1931.55,1942.125,1791.05,1717.15,1839.85,2140.675,2111.375,2131.275,1688.4,1920.85,2241.575,2215.15,2092.775,2008.7,2265.475,2067.725,1748.75,1907.35,1855.125,2082.725,1796.575,1699.325,2057.725,2006.55,2077.5,1974.0,2144.85,1909.425,2134.05,2171.875,2171.425,1836.75,2276.0,1964.35,2011.55,1865.7,1981.225,1871.325,1992.825,2270.7,1921.875,1985.75,2124.725,1970.725,2072.8,1870.05,,2257.575,,2066.85,1770.3,2146.65,1906.625,2146.825,1918.525,1991.4,2002.15,2024.625,1871.175,1944.4,1804.6,2102.275,2131.4,,2213.5,2021.75,2303.275,2237.175,2152.85,2010.725,2002.95,1916.575,2021.725,1940.225,2131.575,2237.4,2102.35,1970.3,2087.975,2250.275,2280.375,2073.85,2202.025,2200.225,1909.2,2163.9,2103.025,2479.45,1952.35,2209.25,2401.025,1959.2,2078.5,1776.325,2144.05,,1896.4,2208.1,2216.65,2256.85,2194.8,2169.7,2461.65,1919.175,1978.2,2320.8,2091.35,2078.95,1781.375,1973.95,2234.475,2116.725,2243.4,2116.775,2266.675,1939.4,2007.125,2237.425,1935.7,1845.925,1822.175,1981.85,,2330.85,1891.55,1998.6,1863.675,1772.475,1939.475,1888.175,,1746.25,2064.375,1875.1,2317.875,,1157.25,1870.575,2071.175,1804.4,2129.425,2346.825,,2279.05,1926.825,1905.65,2214.0,2481.425,1836.775,2082.6,2027.975,2003.05,1800.225,1949.2,1962.9,2068.4,2058.4,2205.15,2228.75,2274.05,,2089.8,2137.55,2185.075,2153.025,2084.425,2332.775,1777.525,1981.325,2030.425,1773.025,2095.575,2048.625,2056.9,2054.075,1733.6,1797.075,2125.725,2135.7,2102.175,1983.625,2159.8,1980.45,2083.825,2232.5,2224.375,2139.225,2039.1,2135.15,1992.25,2216.7,1787.525,1796.425,1941.45,2090.875,2181.975,2011.9,1837.35,1890.425,1933.25,2067.6,1719.4,1911.725,1892.35,2122.925,1711.025,2050.55,1823.25,1859.875,1941.55,1806.25,1919.65,2047.95,1862.975,1876.625,2048.075,2107.25,1869.6,2164.675,2224.65,1966.45,1943.375,2035.575,2175.2,2040.725,1875.225,2177.45,2001.0,2080.6,2146.225,2055.2,1997.5,2043.65,2224.85,1957.475,1905.1,2038.25,1947.825,2110.925,2029.325,1838.775,1877.175,2041.325,1868.225,2200.35,1916.85,1990.65,2033.55,1864.55,1900.525,2077.65,2136.35,1814.625,2092.9,2117.475,2234.325,2066.5,2248.4,1954.85,2249.825,2076.225,1888.375,1953.325,1903.025,2044.025,,2231.05,2030.625,2266.9,2168.95,2193.9,1892.3,2103.525,2211.175,2240.75,1808.6,2259.6,2194.425,,,2122.75,2058.025,2209.45,1954.85,1889.2,2134.725,1833.275,2069.85,2100.925,1974.375,1927.0,1953.6,1873.65,1954.375,1772.575,2247.825,1730.25,1891.275
2013,,1808.125,2095.275,2003.175,1963.1,2088.475,2140.9,2227.875,,1803.5,2012.975,2147.35,2259.325,2145.625,2056.425,2272.325,2045.875,,2045.275,2172.825,,2052.25,1905.125,2122.725,2063.4,2151.925,1920.775,,1934.975,2109.1,1904.875,1959.15,2133.075,,1762.175,2018.75,2000.025,2087.625,2134.725,2197.575,1972.725,1754.625,2070.25,2067.6,2070.9,2097.075,,2161.2,1891.55,2204.25,2053.95,1932.1,2174.325,1817.325,1926.4,1890.525,1709.2,2110.5,2122.375,2131.525,1987.625,1579.325,2023.325,2177.375,1998.25,2203.475,1766.25,2097.1,2059.725,1709.65,1741.15,2076.55,2076.075,2235.275,1942.225,1804.525,2318.55,2094.05,2144.825,1932.675,2200.175,2098.675,1886.95,2032.075,1879.525,2160.5,1850.325,1640.675,2003.825,2057.65,2034.475,2167.25,2111.95,2080.1,2236.15,2066.9,2071.525,2230.95,2204.65,2130.925,1735.5,1862.05,2056.25,1960.175,1933.8,2102.1,1945.025,2022.5,1948.85,2061.975,2084.05,1822.05,,2181.3,,1925.675,1750.0,2101.525,1888.325,2016.225,1876.35,2133.5,1954.575,1784.4,1840.675,1760.95,1990.325,2183.575,2315.55,,2240.525,2059.85,2379.3,2233.2,2346.975,2052.525,2006.475,2038.575,2097.975,1659.125,2194.55,2333.3,2109.525,1980.475,2143.2,2171.025,2027.925,2171.4,2206.3,1932.925,2142.4,2084.225,2027.0,2342.075,2226.975,2176.15,2305.85,2106.9,2071.1,1899.975,2172.65,,2001.45,2021.275,2133.975,2014.15,2151.025,2317.3,2281.425,1895.925,1819.175,2390.925,2026.775,2127.2,1971.575,2048.8,2048.975,2035.425,2444.775,2198.425,2269.325,2009.8,1901.825,2185.975,1894.375,1888.725,2205.225,2185.3,,1984.675,2166.55,2194.675,1970.5,1906.95,1900.4,1829.55,1634.825,1819.2,2276.95,1796.7,2344.575,,2072.95,2034.65,2005.2,1796.475,2213.375,2179.55,1625.15,2237.65,2037.225,1755.4,2206.2,2367.575,2014.375,2056.975,2050.75,2093.5,2227.325,1980.0,1973.05,1991.05,2163.375,2058.025,2258.25,2117.925,,2093.85,2200.6,1986.05,2061.5,2386.625,2217.325,2026.575,2107.575,2006.975,1877.2,1962.85,1967.7,1700.55,2114.9,1826.35,1625.65,2057.45,2110.025,2142.05,1995.375,1859.675,1849.25,2096.0,2112.9,2208.525,2009.3,1862.0,2007.8,1890.025,2017.175,2024.375,1930.85,2067.25,2007.325,1929.075,1906.775,1888.825,2022.125,1978.825,2078.375,1935.9,2131.925,2058.75,2166.3,1667.625,2067.45,1999.0,1947.45,2158.625,1875.575,1903.325,2126.9,1890.55,2031.85,1964.25,2040.375,1907.95,2121.525,1980.95,2147.95,2078.175,1933.125,2198.85,2061.425,1917.65,2318.475,1768.425,1894.6,2179.35,2056.625,2063.05,1773.55,2178.05,2078.175,2366.6,2128.7,1956.9,1877.55,2010.725,2096.3,2086.25,2114.2,1874.5,2050.25,2280.95,2091.4,2205.75,1786.725,1932.05,2399.475,2291.55,1813.9,2058.25,2023.35,2080.675,1932.075,2287.8,2183.825,2113.85,2103.25,1966.025,1885.45,1836.55,2010.775,,2358.275,2089.15,2040.35,1974.15,2181.475,1955.95,2210.425,2023.5,2069.05,1617.35,2275.075,2027.25,,,2157.55,2146.95,2175.1,2008.65,1973.675,2099.475,2069.575,2004.925,2196.1,1870.575,1730.975,2110.275,1969.125,2023.65,1826.975,1966.125,1874.425,1985.05
2014,1411.375,1840.025,2177.175,2001.35,1876.55,1921.825,2038.125,1818.75,,1956.0,1734.525,2208.15,2251.15,2117.675,1948.5,2344.325,2119.15,,2062.325,2035.75,,2040.2,1908.35,2143.9,2223.7,1888.925,1996.325,,2115.25,1966.75,2275.5,2090.325,2045.3,,1886.5,2118.425,1906.1,1896.55,1974.0,2469.45,1923.475,1815.175,2164.525,1800.025,2216.625,1997.8,,2076.725,1883.95,2180.025,2019.35,2105.05,2101.575,1911.125,1955.4,1966.125,2084.25,1953.225,1907.525,2304.375,1961.425,1884.075,2242.15,2126.625,1782.2,2163.4,2062.175,2083.55,2329.075,1800.85,1668.35,2126.9,2185.25,2421.85,1725.5,1801.2,2254.6,2073.3,1920.875,1964.775,2237.75,2047.575,1873.5,2093.15,2105.575,2032.2,1910.425,2004.85,1956.7,2288.85,2071.75,1954.825,2154.325,1949.625,2207.975,2151.55,2168.625,1875.375,2122.6,2155.275,2078.525,1764.675,2185.5,2073.475,2068.25,2128.75,2025.525,2098.7,2075.275,2175.1,2191.8,1863.15,1759.975,2210.0,,2115.025,1910.75,2012.95,1817.8,2157.85,2061.375,2227.5,2029.725,2106.45,2232.7,1751.75,1920.55,2099.35,2067.2,1065.1,2201.775,2047.2,2279.0,2270.425,2421.95,2066.125,1919.25,2129.8,1968.1,1842.1,2004.25,2296.175,2130.275,1991.15,2071.625,2298.5,2056.95,1986.6,2077.8,2131.65,1894.575,2075.65,2013.875,1995.875,1935.6,2380.4,2357.05,2169.25,1927.025,1987.775,2290.15,1752.55,2072.1,2305.05,2118.5,2186.85,2167.425,2189.575,2298.05,2003.4,1850.375,2199.225,2122.5,1952.75,2026.625,2096.575,2277.125,2092.45,2320.675,2275.275,2181.9,2068.2,2035.325,2250.775,1752.25,1900.525,2212.15,2194.6,,2124.3,2254.65,2027.225,1852.425,1862.35,1794.075,2009.15,1954.55,1837.025,2110.8,2022.3,2231.775,,2011.7,2026.075,2148.5,1820.95,2199.375,2291.825,1720.725,2439.825,1877.475,1732.075,1949.775,2256.65,2108.925,2075.625,2102.825,2108.2,1989.275,1987.825,2073.1,2254.825,2091.675,2175.15,2226.825,2232.975,,2320.4,2345.325,2137.45,2037.3,2283.9,2143.525,1945.975,1983.15,2150.7,2003.0,2178.425,2138.45,1941.025,2335.85,1981.9,1760.0,2288.75,2222.175,2216.275,2058.825,2101.425,1843.3,2169.8,2145.55,2265.35,2203.475,1894.125,1873.25,2020.925,2146.125,2099.15,2032.825,1900.725,1986.225,1996.65,1909.05,1789.75,2039.0,1957.1,2088.225,1884.4,2170.075,1935.05,2291.65,2034.825,2202.8,2124.925,1892.45,2272.325,1799.9,2145.575,2014.725,1988.2,1826.25,2253.65,2094.15,1958.025,2197.575,2182.675,2103.8,2042.475,1986.95,2228.475,1998.25,2143.7,1949.9,1914.325,1987.55,2169.65,2020.275,1924.575,2122.375,2297.35,2089.825,1849.975,2041.875,2046.125,2198.675,2076.675,1910.275,2033.725,2282.0,2096.775,2204.55,2031.55,1981.15,2111.0,1991.875,1993.225,2404.35,2254.2,1723.875,2019.8,2056.1,2065.3,1960.675,2214.2,2212.35,2139.175,1848.0,1994.675,1955.425,1834.3,2031.025,,2428.475,2010.825,2019.55,1910.2,2195.8,2057.65,1991.875,2047.6,2136.05,1688.975,2081.1,2102.125,,,2084.175,2227.725,2212.125,1899.4,1818.325,2204.825,1830.475,2257.575,2138.9,2008.85,2048.625,2086.75,1812.225,2110.65,1843.95,2193.15,1757.725,2013.8
2015,1809.025,1772.65,2208.0,1964.325,1813.175,1876.625,1963.0,2033.9,,1902.775,1925.55,2283.15,2151.6,2006.6,2079.4,2408.6,1883.625,,2038.4,2333.85,,1910.475,1890.55,2021.9,2085.625,1815.25,1908.25,,1965.4,2070.4,1858.325,1919.7,1978.975,,1955.1,2005.2,2071.7,2204.15,2086.05,2258.0,1812.125,1625.875,2202.325,1823.8,1933.125,2064.525,,1995.525,1819.575,2233.375,2000.875,1829.975,1923.05,1616.425,1956.025,1873.025,1885.15,2053.675,1957.575,2134.05,2083.6,1613.25,2112.825,2208.475,1888.925,2124.9,1859.975,1930.025,2057.25,1837.025,1766.375,2021.0,2128.775,1996.825,2270.8,1761.825,2176.625,2132.7,1777.025,1786.975,2208.625,2024.475,1823.5,1832.5,2017.6,2141.425,1930.7,1734.95,2139.125,1918.975,1974.85,1917.4,1965.875,1757.325,1899.2,2086.675,1903.325,2048.575,2191.925,1988.45,1933.275,1964.675,2111.5,1817.475,2070.125,1963.025,2040.8,2113.0,2068.55,2016.0,2143.45,1771.425,1862.55,2292.95,,1854.55,1681.4,2294.45,1834.2,2297.6,1857.775,2090.125,1627.325,1884.975,1942.6,1794.3,2073.075,2098.45,2072.85,1695.925,2213.725,2012.175,2413.65,2069.925,2297.15,1755.8,2039.7,2094.575,1898.375,1892.25,2064.075,2283.9,2026.7,1994.175,1940.3,2197.875,2158.0,2007.525,1768.45,1940.85,1878.125,1951.2,2061.775,2095.325,2183.65,2193.325,2128.775,1898.85,1917.525,1791.45,2284.1,1821.325,2002.95,2200.8,2129.025,2083.8,2121.625,2145.675,2211.1,1786.025,2087.9,2119.55,1925.025,2087.6,2067.775,1917.425,2206.75,2196.75,2146.125,1992.5,1982.65,2028.825,1787.675,2139.075,1959.3,1915.975,2131.5,2039.45,,2307.25,1924.5,2149.95,2019.275,1819.15,1853.95,1865.5,1838.775,1898.325,1886.375,1768.125,2144.525,,2068.3,2004.3,1848.4,1886.1,1939.275,1959.825,1806.65,1988.45,1791.275,1671.45,2049.35,2454.35,1906.3,2086.875,1931.875,2186.925,2092.25,1921.175,1975.575,2015.75,2215.8,2051.85,2023.85,2198.6,,2201.7,1935.175,1906.65,1975.2,2269.125,1855.575,1759.925,1775.65,2264.6,1914.6,1978.275,1950.05,1826.325,2227.075,1759.3,1874.425,2184.475,2170.2,2043.425,1896.825,1977.175,1866.225,1998.9,2085.35,2215.325,2079.75,2012.95,2060.8,1971.325,2193.975,1945.65,2081.0,1915.85,2016.2,2042.325,1793.45,1909.75,1842.275,1914.625,1918.225,2140.2,1871.75,1784.275,2054.4,2039.975,2075.325,2016.475,2151.775,2086.65,2085.325,2000.9,1702.6,2112.55,1923.75,2033.175,2181.65,1912.5,2089.0,2024.0,1988.1,1831.275,2108.875,2128.725,1859.95,2037.775,2068.775,1922.9,2158.475,2149.675,1958.725,1853.5,1896.05,2110.025,2001.1,1807.025,2030.45,1760.275,2241.575,1932.7,1801.25,1941.85,1986.225,1794.05,2242.725,2216.525,1852.75,1993.9,1914.6,1908.15,2245.5,2145.0,1830.75,1939.025,1936.05,2024.6,2053.475,2093.7,2242.775,2121.225,1864.55,1955.15,1913.475,1728.15,2099.425,,2387.55,1905.3,1973.65,1923.125,2220.075,1886.425,2124.05,2188.95,2038.625,1756.775,2051.75,2031.5,,,2000.725,2218.725,2060.675,2119.525,1817.375,2233.05,1953.75,1835.275,1903.525,1942.15,1958.875,2026.05,1975.025,1877.575,1922.375,2279.675,1880.925,1987.775
2016,1875.825,2093.175,2278.85,2134.075,1869.9,2052.325,2107.85,1916.275,,1920.725,2196.975,2363.8,2253.85,1997.225,2162.525,2330.3,2134.125,,2300.25,2255.825,,2357.125,2087.725,2172.85,2194.475,2074.575,2037.4,,2125.875,2153.7,2174.525,2217.1,2100.625,,1946.6,2075.35,2109.075,2408.025,2178.975,2375.0,1958.8,1926.725,2280.5,1888.55,2344.4,2062.65,,2021.75,1877.15,2413.375,2177.3,2050.175,2153.375,2355.925,1992.65,1996.4,1779.55,1976.875,1921.05,2285.9,2293.45,1931.175,2290.975,2132.675,1986.95,2312.2,1993.8,1969.75,2047.525,2003.45,1875.4,2214.925,2227.75,2026.975,2029.275,1936.75,2125.55,2190.225,2002.175,1974.7,2270.2,2281.575,1943.15,2196.95,2090.5,2095.2,2188.5,1907.825,2144.775,2259.45,2288.65,2255.725,2354.25,2134.375,2059.15,2317.125,1947.35,2039.625,2312.475,2002.05,2267.5,2044.725,2238.1,2057.975,2129.675,2184.75,2318.4,2198.925,1853.625,2215.475,2188.45,1898.25,2042.25,2209.125,,2286.225,1882.95,2148.4,1879.85,2287.7,2183.9,2099.75,2058.0,2187.15,2088.8,2072.15,2071.475,2380.325,2100.2,1752.075,2210.975,2199.125,2317.675,2153.15,2309.825,2184.025,2171.65,2209.275,2019.825,1927.2,2141.45,2319.45,2278.05,2063.65,2126.0,2334.075,1998.3,2151.725,1903.075,2083.4,1858.65,2327.55,2266.925,2291.5,2113.825,2207.225,2064.3,2091.475,2070.175,2051.175,2422.6,2093.45,2353.225,2155.125,2108.125,2424.9,2589.475,2158.45,2334.65,1887.8,2110.6,2523.75,2056.875,2120.45,2097.45,2188.175,2295.8,2144.925,2252.725,2190.775,2153.8,1901.475,2155.325,2520.175,1950.05,2111.75,1930.1,2095.9,,2535.825,2335.475,2144.525,1888.6,2029.225,2046.025,1991.95,1961.025,2123.75,2155.65,1955.875,2277.075,,2242.95,2305.9,2210.45,1982.775,2332.925,2100.5,2004.675,2191.5,2230.375,2141.175,2131.6,2415.875,2115.225,2146.325,2136.25,2177.675,2030.825,2104.575,2099.8,1800.775,2096.7,2397.725,2187.075,2267.525,,2307.325,2111.65,2215.8,2043.175,2301.45,2060.95,1796.675,1861.225,2121.975,2079.05,2084.5,2253.75,2114.05,2136.25,1927.275,1891.875,2322.4,2321.125,2111.7,1991.4,2110.45,2140.875,2233.225,2197.05,2231.675,2242.3,2116.025,2127.05,2249.05,2189.125,2008.5,2176.25,1926.375,2139.175,2093.275,1970.75,2055.375,2029.85,1953.675,1937.725,2175.05,1937.8,1883.6,2342.825,1942.15,2391.2,1980.4,2220.8,2241.725,2181.25,2214.7,1773.5,2153.7,1962.15,2095.825,2073.4,1958.35,2269.325,2402.275,2242.175,1923.025,2006.45,1961.475,2231.925,2035.65,2108.575,2076.175,2325.35,2143.275,2410.475,1945.6,1980.125,2152.375,2339.625,1893.15,2098.7,2095.45,2182.4,1991.95,2011.9,2351.975,2155.575,1848.65,2176.2,2171.075,1898.875,2166.5,2105.875,2069.025,2324.225,2083.625,2107.4,2265.15,2192.1,2004.85,2135.55,2334.95,2442.075,2367.85,2209.25,2251.925,1974.1,2018.375,2345.95,,2404.9,2080.625,2238.475,2278.1,2314.4,2025.375,2333.35,1882.2,2121.125,1649.15,2230.375,2099.825,,,2099.0,2248.025,2536.925,2150.175,2161.95,2433.875,2561.25,2150.475,2062.525,1979.675,2117.325,2062.65,2002.125,2249.625,2009.175,2323.2,1815.1,2259.85
